inf
0.000000
282.121185
0.000326
199.330170
0.000652
162.622406
0.000979
140.722809
0.001305
125.766075
0.001631
114.716927
0.001957
106.122932
0.002283
99.190239
0.002610
93.443466
0.002936
88.578217
0.003262
84.389404
0.003588
80.733070
0.003915
77.504845
0.004241
74.626907
0.004567
72.039932
0.004893
69.697777
0.005219
67.563942
0.005546
65.609131
0.005872
63.809490
0.006198
62.145432
0.006524
60.600639
0.006850
59.161430
0.007177
57.816231
0.007503
56.555164
0.007829
55.369759
0.008155
54.252678
0.008481
53.197563
0.008808
52.198841
0.009134
51.251629
0.009460
50.351604
0.009786
49.494953
0.010113
48.678261
0.010439
47.898502
0.010765
47.152935
0.011091
46.439121
0.011417
45.754845
0.011744
45.098106
0.012070
44.467087
0.012396
43.860138
0.012722
43.275753
0.013048
42.712547
0.013375
42.169270
0.013701
41.644753
0.014027
41.137932
0.014353
40.647823
0.014679
40.173519
0.015006
39.714180
0.015332
39.269028
0.015658
38.837334
0.015984
38.418434
0.016311
38.011696
0.016637
37.616535
0.016963
37.232410
0.017289
36.858810
0.017615
36.495255
0.017942
36.141300
0.018268
35.796524
0.018594
35.460533
0.018920
35.132957
0.019246
34.813446
0.019573
34.501667
0.019899
34.197315
0.020225
33.900093
0.020551
33.609722
0.020877
33.325943
0.021204
33.048508
0.021530
32.777176
0.021856
32.511730
0.022182
32.251953
0.022509
31.997650
0.022835
31.748623
0.023161
31.504692
0.023487
31.265682
0.023813
31.031429
0.024140
30.801775
0.024466
30.576572
0.024792
30.355673
0.025118
30.138943
0.025444
29.926249
0.025771
29.717468
0.026097
29.512480
0.026423
29.311169
0.026749
29.113424
0.027075
28.919144
0.027402
28.728220
0.027728
28.540565
0.028054
28.356079
0.028380
28.174675
0.028707
27.996267
0.029033
27.820770
0.029359
27.648109
0.029685
27.478207
0.030011
27.310987
0.030338
27.146383
0.030664
26.984324
0.030990
26.824741
0.031316
26.667578
0.031642
26.512768
0.031969
26.360256
0.032295
26.209982
0.032621
26.061895
0.032947
25.915939
0.033273
25.772062
0.033600
25.630217
0.033926
25.490356
0.034252
25.352430
0.034578
25.216398
0.034905
25.082214
0.035231
24.949837
0.035557
24.819227
0.035883
24.690344
0.036209
24.563147
0.036536
24.437605
0.036862
24.313679
0.037188
24.191332
0.037514
24.070534
0.037840
23.951254
0.038167
23.833454
0.038493
23.717108
0.038819
23.602184
0.039145
23.488653
0.039471
23.376492
0.039798
23.265665
0.040124
23.156149
0.040450
23.047920
0.040776
22.940950
0.041103
22.835220
0.041429
22.730700
0.041755
22.627367
0.042081
22.525204
0.042407
22.424181
0.042734
22.324286
0.043060
22.225489
0.043386
22.127777
0.043712
22.031126
0.044038
21.935518
0.044365
21.840935
0.044691
21.747358
0.045017
21.654768
0.045343
21.563150
0.045669
21.472486
0.045996
21.382759
0.046322
21.293953
0.046648
21.206053
0.046974
21.119041
0.047300
21.032906
0.047627
20.947630
0.047953
20.863201
0.048279
20.779604
0.048605
20.696825
0.048932
20.614853
0.049258
20.533670
0.049584
20.453268
0.049910
20.373632
0.050236
20.294752
0.050563
20.216616
0.050889
20.139208
0.051215
20.062521
0.051541
19.986544
0.051867
19.911264
0.052194
19.836672
0.052520
19.762754
0.052846
19.689507
0.053172
19.616913
0.053498
19.544966
0.053825
19.473656
0.054151
19.402975
0.054477
19.332912
0.054803
19.263460
0.055130
19.194607
0.055456
19.126347
0.055782
19.058672
0.056108
18.991570
0.056434
18.925037
0.056761
18.859062
0.057087
18.793640
0.057413
18.728762
0.057739
18.664419
0.058065
18.600607
0.058392
18.537313
0.058718
18.474539
0.059044
18.412270
0.059370
18.350502
0.059696
18.289228
0.060023
18.228443
0.060349
18.168140
0.060675
18.108311
0.061001
18.048950
0.061328
17.990053
0.061654
17.931612
0.061980
17.873623
0.062306
17.816076
0.062632
17.758972
0.062959
17.702301
0.063285
17.646059
0.063611
17.590239
0.063937
17.534838
0.064263
17.479849
0.064590
17.425266
0.064916
17.371088
0.065242
17.317307
0.065568
17.263918
0.065894
17.210918
0.066221
17.158302
0.066547
17.106064
0.066873
17.054201
0.067199
17.002708
0.067526
16.951580
0.067852
16.900812
0.068178
16.850405
0.068504
16.800348
0.068830
16.750639
0.069157
16.701277
0.069483
16.652256
0.069809
16.603569
0.070135
16.555218
0.070461
16.507196
0.070788
16.459499
0.071114
16.412125
0.071440
16.365068
0.071766
16.318329
0.072092
16.271898
0.072419
16.225777
0.072745
16.179960
0.073071
16.134445
0.073397
16.089230
0.073724
16.044306
0.074050
15.999676
0.074376
15.955334
0.074702
15.911278
0.075028
15.867504
0.075355
15.824009
0.075681
15.780791
0.076007
15.737848
0.076333
15.695174
0.076659
15.652769
0.076986
15.610630
0.077312
15.568752
0.077638
15.527135
0.077964
15.485775
0.078290
15.444670
0.078617
15.403816
0.078943
15.363213
0.079269
15.322856
0.079595
15.282743
0.079922
15.242872
0.080248
15.203242
0.080574
15.163849
0.080900
15.124690
0.081226
15.085765
0.081553
15.047070
0.081879
15.008602
0.082205
14.970361
0.082531
14.932344
0.082857
14.894548
0.083184
14.856972
0.083510
14.819613
0.083836
14.782471
0.084162
14.745540
0.084488
14.708822
0.084815
14.672313
0.085141
14.636011
0.085467
14.599915
0.085793
14.564022
0.086120
14.528331
0.086446
14.492840
0.086772
14.457547
0.087098
14.422450
0.087424
14.387547
0.087751
14.352838
0.088077
14.318318
0.088403
14.283989
0.088729
14.249846
0.089055
14.215890
0.089382
14.182117
0.089708
14.148527
0.090034
14.115119
0.090360
14.081890
0.090686
14.048838
0.091013
14.015963
0.091339
13.983262
0.091665
13.950734
0.091991
13.918378
0.092318
13.886192
0.092644
13.854176
0.092970
13.822326
0.093296
13.790642
0.093622
13.759123
0.093949
13.727766
0.094275
13.696571
0.094601
13.665537
0.094927
13.634662
0.095253
13.603944
0.095580
13.573383
0.095906
13.542976
0.096232
13.512724
0.096558
13.482624
0.096884
13.452675
0.097211
13.422876
0.097537
13.393227
0.097863
13.363724
0.098189
13.334368
0.098516
13.305157
0.098842
13.276090
0.099168
13.247167
0.099494
13.218384
0.099820
13.189742
0.100147
13.161241
0.100473
13.132877
0.100799
13.104650
0.101125
13.076560
0.101451
13.048605
0.101778
13.020783
0.102104
12.993096
0.102430
12.965540
0.102756
12.938115
0.103082
12.910820
0.103409
12.883654
0.103735
12.856616
0.104061
12.829705
0.104387
12.802920
0.104714
12.776260
0.105040
12.749724
0.105366
12.723311
0.105692
12.697021
0.106018
12.670854
0.106345
12.644804
0.106671
12.618876
0.106997
12.593065
0.107323
12.567372
0.107649
12.541798
0.107976
12.516337
0.108302
12.490993
0.108628
12.465763
0.108954
12.440646
0.109280
12.415643
0.109607
12.390751
0.109933
12.365970
0.110259
12.341299
0.110585
12.316737
0.110912
12.292285
0.111238
12.267941
0.111564
12.243704
0.111890
12.219572
0.112216
12.195546
0.112543
12.171626
0.112869
12.147809
0.113195
12.124097
0.113521
12.100486
0.113847
12.076977
0.114174
12.053570
0.114500
12.030263
0.114826
12.007056
0.115152
11.983949
0.115478
11.960938
0.115805
11.938027
0.116131
11.915213
0.116457
11.892494
0.116783
11.869873
0.117110
11.847346
0.117436
11.824913
0.117762
11.802574
0.118088
11.780329
0.118414
11.758176
0.118741
11.736115
0.119067
11.714145
0.119393
11.692266
0.119719
11.670478
0.120045
11.648778
0.120372
11.627168
0.120698
11.605646
0.121024
11.584212
0.121350
11.562865
0.121676
11.541605
0.122003
11.520431
0.122329
11.499342
0.122655
11.478338
0.122981
11.457418
0.123308
11.436584
0.123634
11.415831
0.123960
11.395162
0.124286
11.374574
0.124612
11.354069
0.124939
11.333644
0.125265
11.313301
0.125591
11.293037
0.125917
11.272854
0.126243
11.252749
0.126570
11.232723
0.126896
11.212775
0.127222
11.192905
0.127548
11.173112
0.127874
11.153397
0.128201
11.133756
0.128527
11.114192
0.128853
11.094703
0.129179
11.075289
0.129506
11.055948
0.129832
11.036683
0.130158
11.017490
0.130484
10.998371
0.130810
10.979324
0.131137
10.960349
0.131463
10.941446
0.131789
10.922614
0.132115
10.903853
0.132441
10.885163
0.132768
10.866542
0.133094
10.847990
0.133420
10.829509
0.133746
10.811095
0.134072
10.792750
0.134399
10.774473
0.134725
10.756264
0.135051
10.738121
0.135377
10.720045
0.135704
10.702035
0.136030
10.684092
0.136356
10.666214
0.136682
10.648400
0.137008
10.630652
0.137335
10.612968
0.137661
10.595348
0.137987
10.577792
0.138313
10.560299
0.138639
10.542870
0.138966
10.525502
0.139292
10.508197
0.139618
10.490953
0.139944
10.473771
0.140270
10.456651
0.140597
10.439590
0.140923
10.422591
0.141249
10.405651
0.141575
10.388772
0.141901
10.371951
0.142228
10.355190
0.142554
10.338488
0.142880
10.321843
0.143206
10.305258
0.143533
10.288730
0.143859
10.272259
0.144185
10.255845
0.144511
10.239488
0.144837
10.223188
0.145164
10.206944
0.145490
10.190756
0.145816
10.174623
0.146142
10.158546
0.146468
10.142524
0.146795
10.126555
0.147121
10.110642
0.147447
10.094783
0.147773
10.078978
0.148099
10.063226
0.148426
10.047527
0.148752
10.031881
0.149078
10.016288
0.149404
10.000747
0.149731
9.985258
0.150057
9.969821
0.150383
9.954436
0.150709
9.939101
0.151035
9.923819
0.151362
9.908586
0.151688
9.893404
0.152014
9.878272
0.152340
9.863190
0.152666
9.848158
0.152993
9.833174
0.153319
9.818240
0.153645
9.803355
0.153971
9.788519
0.154297
9.773731
0.154624
9.758991
0.154950
9.744299
0.155276
9.729654
0.155602
9.715057
0.155929
9.700508
0.156255
9.686005
0.156581
9.671549
0.156907
9.657139
0.157233
9.642775
0.157560
9.628456
0.157886
9.614184
0.158212
9.599957
0.158538
9.585776
0.158864
9.571640
0.159191
9.557549
0.159517
9.543501
0.159843
9.529498
0.160169
9.515539
0.160495
9.501625
0.160822
9.487754
0.161148
9.473926
0.161474
9.460141
0.161800
9.446400
0.162127
9.432702
0.162453
9.419045
0.162779
9.405432
0.163105
9.391861
0.163431
9.378331
0.163758
9.364844
0.164084
9.351398
0.164410
9.337993
0.164736
9.324629
0.165062
9.311307
0.165389
9.298025
0.165715
9.284783
0.166041
9.271583
0.166367
9.258422
0.166693
9.245301
0.167020
9.232220
0.167346
9.219179
0.167672
9.206177
0.167998
9.193213
0.168325
9.180290
0.168651
9.167405
0.168977
9.154559
0.169303
9.141751
0.169629
9.128982
0.169956
9.116251
0.170282
9.103558
0.170608
9.090901
0.170934
9.078283
0.171260
9.065702
0.171587
9.053160
0.171913
9.040653
0.172239
9.028183
0.172565
9.015751
0.172891
9.003354
0.173218
8.990994
0.173544
8.978670
0.173870
8.966383
0.174196
8.954131
0.174523
8.941915
0.174849
8.929734
0.175175
8.917588
0.175501
8.905478
0.175827
8.893404
0.176154
8.881364
0.176480
8.869358
0.176806
8.857388
0.177132
8.845450
0.177458
8.833549
0.177785
8.821680
0.178111
8.809846
0.178437
8.798046
0.178763
8.786279
0.179089
8.774547
0.179416
8.762846
0.179742
8.751179
0.180068
8.739546
0.180394
8.727944
0.180721
8.716377
0.181047
8.704842
0.181373
8.693338
0.181699
8.681868
0.182025
8.670429
0.182352
8.659022
0.182678
8.647648
0.183004
8.636305
0.183330
8.624994
0.183656
8.613714
0.183983
8.602466
0.184309
8.591249
0.184635
8.580062
0.184961
8.568907
0.185287
8.557782
0.185614
8.546688
0.185940
8.535625
0.186266
8.524592
0.186592
8.513589
0.186919
8.502617
0.187245
8.491673
0.187571
8.480762
0.187897
8.469878
0.188223
8.459024
0.188550
8.448200
0.188876
8.437406
0.189202
8.426641
0.189528
8.415904
0.189854
8.405197
0.190181
8.394519
0.190507
8.383869
0.190833
8.373248
0.191159
8.362656
0.191485
8.352092
0.191812
8.341556
0.192138
8.331047
0.192464
8.320567
0.192790
8.310116
0.193117
8.299691
0.193443
8.289295
0.193769
8.278926
0.194095
8.268584
0.194421
8.258271
0.194748
8.247984
0.195074
8.237723
0.195400
8.227490
0.195726
8.217285
0.196052
8.207105
0.196379
8.196953
0.196705
8.186827
0.197031
8.176727
0.197357
8.166654
0.197683
8.156607
0.198010
8.146585
0.198336
8.136591
0.198662
8.126621
0.198988
8.116678
0.199315
8.106761
0.199641
8.096869
0.199967
8.087002
0.200293
8.077161
0.200619
8.067345
0.200946
8.057554
0.201272
8.047789
0.201598
8.038048
0.201924
8.028332
0.202250
8.018641
0.202577
8.008974
0.202903
7.999332
0.203229
7.989716
0.203555
7.980123
0.203881
7.970553
0.204208
7.961009
0.204534
7.951489
0.204860
7.941992
0.205186
7.932519
0.205513
7.923070
0.205839
7.913646
0.206165
7.904244
0.206491
7.894866
0.206817
7.885512
0.207144
7.876181
0.207470
7.866873
0.207796
7.857588
0.208122
7.848327
0.208448
7.839088
0.208775
7.829872
0.209101
7.820679
0.209427
7.811509
0.209753
7.802361
0.210079
7.793236
0.210406
7.784133
0.210732
7.775053
0.211058
7.765995
0.211384
7.756959
0.211711
7.747945
0.212037
7.738954
0.212363
7.729984
0.212689
7.721035
0.213015
7.712110
0.213342
7.703205
0.213668
7.694322
0.213994
7.685461
0.214320
7.676620
0.214646
7.667802
0.214973
7.659005
0.215299
7.650229
0.215625
7.641474
0.215951
7.632740
0.216277
7.624027
0.216604
7.615335
0.216930
7.606663
0.217256
7.598013
0.217582
7.589383
0.217909
7.580773
0.218235
7.572184
0.218561
7.563616
0.218887
7.555068
0.219213
7.546540
0.219540
7.538033
0.219866
7.529545
0.220192
7.521077
0.220518
7.512630
0.220844
7.504202
0.221171
7.495794
0.221497
7.487407
0.221823
7.479038
0.222149
7.470689
0.222475
7.462360
0.222802
7.454050
0.223128
7.445759
0.223454
7.437489
0.223780
7.429237
0.224107
7.421004
0.224433
7.412790
0.224759
7.404596
0.225085
7.396420
0.225411
7.388264
0.225738
7.380126
0.226064
7.372007
0.226390
7.363907
0.226716
7.355825
0.227042
7.347762
0.227369
7.339717
0.227695
7.331691
0.228021
7.323683
0.228347
7.315693
0.228673
7.307722
0.229000
7.299769
0.229326
7.291834
0.229652
7.283917
0.229978
7.276018
0.230304
7.268137
0.230631
7.260274
0.230957
7.252429
0.231283
7.244600
0.231609
7.236790
0.231936
7.228998
0.232262
7.221223
0.232588
7.213466
0.232914
7.205725
0.233240
7.198003
0.233567
7.190297
0.233893
7.182609
0.234219
7.174938
0.234545
7.167284
0.234871
7.159648
0.235198
7.152028
0.235524
7.144425
0.235850
7.136839
0.236176
7.129270
0.236502
7.121717
0.236829
7.114182
0.237155
7.106662
0.237481
7.099160
0.237807
7.091674
0.238134
7.084204
0.238460
7.076751
0.238786
7.069315
0.239112
7.061894
0.239438
7.054490
0.239765
7.047102
0.240091
7.039730
0.240417
7.032374
0.240743
7.025035
0.241069
7.017711
0.241396
7.010404
0.241722
7.003111
0.242048
6.995835
0.242374
6.988575
0.242701
6.981330
0.243027
6.974102
0.243353
6.966888
0.243679
6.959691
0.244005
6.952508
0.244332
6.945341
0.244658
6.938190
0.244984
6.931053
0.245310
6.923933
0.245636
6.916827
0.245963
6.909737
0.246289
6.902661
0.246615
6.895601
0.246941
6.888556
0.247267
6.881526
0.247594
6.874511
0.247920
6.867510
0.248246
6.860525
0.248572
6.853554
0.248898
6.846598
0.249225
6.839657
0.249551
6.832730
0.249877
6.825818
0.250203
6.818921
0.250530
6.812038
0.250856
6.805169
0.251182
6.798315
0.251508
6.791475
0.251834
6.784650
0.252161
6.777839
0.252487
6.771042
0.252813
6.764259
0.253139
6.757491
0.253465
6.750736
0.253792
6.743996
0.254118
6.737269
0.254444
6.730556
0.254770
6.723858
0.255096
6.717173
0.255423
6.710502
0.255749
6.703845
0.256075
6.697202
0.256401
6.690572
0.256728
6.683956
0.257054
6.677353
0.257380
6.670764
0.257706
6.664189
0.258032
6.657627
0.258359
6.651078
0.258685
6.644543
0.259011
6.638021
0.259337
6.631513
0.259663
6.625017
0.259990
6.618535
0.260316
6.612066
0.260642
6.605610
0.260968
6.599168
0.261294
6.592738
0.261621
6.586321
0.261947
6.579918
0.262273
6.573527
0.262599
6.567149
0.262926
6.560784
0.263252
6.554432
0.263578
6.548092
0.263904
6.541765
0.264230
6.535451
0.264557
6.529150
0.264883
6.522861
0.265209
6.516585
0.265535
6.510321
0.265861
6.504070
0.266188
6.497831
0.266514
6.491605
0.266840
6.485391
0.267166
6.479189
0.267492
6.473000
0.267819
6.466823
0.268145
6.460658
0.268471
6.454505
0.268797
6.448365
0.269124
6.442236
0.269450
6.436120
0.269776
6.430015
0.270102
6.423923
0.270428
6.417843
0.270755
6.411775
0.271081
6.405718
0.271407
6.399673
0.271733
6.393640
0.272059
6.387619
0.272386
6.381609
0.272712
6.375612
0.273038
6.369626
0.273364
6.363652
0.273690
6.357689
0.274017
6.351738
0.274343
6.345798
0.274669
6.339870
0.274995
6.333954
0.275322
6.328048
0.275648
6.322155
0.275974
6.316272
0.276300
6.310401
0.276626
6.304541
0.276953
6.298693
0.277279
6.292855
0.277605
6.287029
0.277931
6.281214
0.278257
6.275410
0.278584
6.269618
0.278910
6.263836
0.279236
6.258066
0.279562
6.252306
0.279888
6.246557
0.280215
6.240819
0.280541
6.235093
0.280867
6.229377
0.281193
6.223671
0.281520
6.217978
0.281846
6.212294
0.282172
6.206621
0.282498
6.200959
0.282824
6.195308
0.283151
6.189667
0.283477
6.184037
0.283803
6.178417
0.284129
6.172808
0.284455
6.167210
0.284782
6.161622
0.285108
6.156044
0.285434
6.150477
0.285760
6.144920
0.286086
6.139374
0.286413
6.133839
0.286739
6.128313
0.287065
6.122797
0.287391
6.117292
0.287718
6.111797
0.288044
6.106313
0.288370
6.100839
0.288696
6.095374
0.289022
6.089920
0.289349
6.084476
0.289675
6.079041
0.290001
6.073618
0.290327
6.068203
0.290653
6.062799
0.290980
6.057405
0.291306
6.052021
0.291632
6.046646
0.291958
6.041282
0.292284
6.035927
0.292611
6.030582
0.292937
6.025247
0.293263
6.019922
0.293589
6.014606
0.293916
6.009300
0.294242
6.004004
0.294568
5.998717
0.294894
5.993440
0.295220
5.988173
0.295547
5.982915
0.295873
5.977666
0.296199
5.972427
0.296525
5.967198
0.296851
5.961978
0.297178
5.956767
0.297504
5.951566
0.297830
5.946374
0.298156
5.941192
0.298482
5.936018
0.298809
5.930855
0.299135
5.925701
0.299461
5.920555
0.299787
5.915419
0.300113
5.910292
0.300440
5.905174
0.300766
5.900065
0.301092
5.894966
0.301418
5.889875
0.301745
5.884794
0.302071
5.879722
0.302397
5.874658
0.302723
5.869604
0.303049
5.864558
0.303376
5.859522
0.303702
5.854495
0.304028
5.849476
0.304354
5.844466
0.304680
5.839465
0.305007
5.834473
0.305333
5.829490
0.305659
5.824515
0.305985
5.819549
0.306312
5.814592
0.306638
5.809643
0.306964
5.804704
0.307290
5.799773
0.307616
5.794850
0.307943
5.789937
0.308269
5.785031
0.308595
5.780134
0.308921
5.775246
0.309247
5.770367
0.309574
5.765496
0.309900
5.760633
0.310226
5.755779
0.310552
5.750933
0.310878
5.746095
0.311205
5.741266
0.311531
5.736446
0.311857
5.731634
0.312183
5.726829
0.312510
5.722034
0.312836
5.717246
0.313162
5.712467
0.313488
5.707695
0.313814
5.702933
0.314141
5.698178
0.314467
5.693432
0.314793
5.688694
0.315119
5.683963
0.315445
5.679241
0.315772
5.674527
0.316098
5.669821
0.316424
5.665123
0.316750
5.660433
0.317076
5.655751
0.317403
5.651077
0.317729
5.646411
0.318055
5.641753
0.318381
5.637103
0.318707
5.632460
0.319034
5.627825
0.319360
5.623199
0.319686
5.618580
0.320012
5.613969
0.320339
5.609365
0.320665
5.604770
0.320991
5.600183
0.321317
5.595603
0.321643
5.591030
0.321970
5.586465
0.322296
5.581908
0.322622
5.577359
0.322948
5.572817
0.323274
5.568283
0.323601
5.563756
0.323927
5.559237
0.324253
5.554726
0.324579
5.550222
0.324905
5.545726
0.325232
5.541237
0.325558
5.536756
0.325884
5.532281
0.326210
5.527815
0.326537
5.523355
0.326863
5.518904
0.327189
5.514459
0.327515
5.510022
0.327841
5.505592
0.328168
5.501170
0.328494
5.496755
0.328820
5.492347
0.329146
5.487947
0.329472
5.483553
0.329799
5.479167
0.330125
5.474788
0.330451
5.470417
0.330777
5.466052
0.331104
5.461694
0.331430
5.457344
0.331756
5.453001
0.332082
5.448665
0.332408
5.444336
0.332735
5.440014
0.333061
5.435699
0.333387
5.431391
0.333713
5.427090
0.334039
5.422796
0.334366
5.418509
0.334692
5.414230
0.335018
5.409956
0.335344
5.405690
0.335670
5.401432
0.335997
5.397179
0.336323
5.392934
0.336649
5.388695
0.336975
5.384464
0.337301
5.380239
0.337628
5.376020
0.337954
5.371809
0.338280
5.367605
0.338606
5.363407
0.338933
5.359216
0.339259
5.355031
0.339585
5.350854
0.339911
5.346683
0.340237
5.342519
0.340564
5.338361
0.340890
5.334210
0.341216
5.330066
0.341542
5.325928
0.341868
5.321797
0.342195
5.317672
0.342521
5.313554
0.342847
5.309443
0.343173
5.305337
0.343499
5.301239
0.343826
5.297147
0.344152
5.293061
0.344478
5.288982
0.344804
5.284910
0.345131
5.280844
0.345457
5.276784
0.345783
5.272730
0.346109
5.268683
0.346435
5.264643
0.346762
5.260609
0.347088
5.256580
0.347414
5.252559
0.347740
5.248544
0.348066
5.244534
0.348393
5.240532
0.348719
5.236536
0.349045
5.232545
0.349371
5.228561
0.349698
5.224584
0.350024
5.220612
0.350350
5.216646
0.350676
5.212687
0.351002
5.208735
0.351329
5.204787
0.351655
5.200846
0.351981
5.196912
0.352307
5.192983
0.352633
5.189061
0.352960
5.185144
0.353286
5.181234
0.353612
5.177330
0.353938
5.173431
0.354264
5.169539
0.354591
5.165652
0.354917
5.161772
0.355243
5.157898
0.355569
5.154029
0.355895
5.150167
0.356222
5.146310
0.356548
5.142460
0.356874
5.138615
0.357200
5.134777
0.357527
5.130943
0.357853
5.127116
0.358179
5.123295
0.358505
5.119480
0.358831
5.115670
0.359158
5.111866
0.359484
5.108068
0.359810
5.104276
0.360136
5.100489
0.360462
5.096709
0.360789
5.092934
0.361115
5.089164
0.361441
5.085401
0.361767
5.081643
0.362093
5.077891
0.362420
5.074144
0.362746
5.070404
0.363072
5.066668
0.363398
5.062939
0.363725
5.059215
0.364051
5.055496
0.364377
5.051783
0.364703
5.048076
0.365029
5.044374
0.365356
5.040679
0.365682
5.036988
0.366008
5.033303
0.366334
5.029624
0.366660
5.025949
0.366987
5.022281
0.367313
5.018618
0.367639
5.014960
0.367965
5.011308
0.368291
5.007661
0.368618
5.004020
0.368944
5.000384
0.369270
4.996754
0.369596
4.993129
0.369923
4.989510
0.370249
4.985895
0.370575
4.982286
0.370901
4.978683
0.371227
4.975084
0.371554
4.971491
0.371880
4.967904
0.372206
4.964322
0.372532
4.960744
0.372858
4.957172
0.373185
4.953606
0.373511
4.950045
0.373837
4.946488
0.374163
4.942938
0.374489
4.939392
0.374816
4.935852
0.375142
4.932316
0.375468
4.928786
0.375794
4.925261
0.376121
4.921741
0.376447
4.918227
0.376773
4.914718
0.377099
4.911213
0.377425
4.907714
0.377752
4.904220
0.378078
4.900731
0.378404
4.897246
0.378730
4.893767
0.379056
4.890294
0.379383
4.886825
0.379709
4.883361
0.380035
4.879902
0.380361
4.876448
0.380687
4.873000
0.381014
4.869555
0.381340
4.866117
0.381666
4.862683
0.381992
4.859254
0.382319
4.855830
0.382645
4.852411
0.382971
4.848997
0.383297
4.845587
0.383623
4.842183
0.383950
4.838784
0.384276
4.835389
0.384602
4.831999
0.384928
4.828614
0.385254
4.825234
0.385581
4.821859
0.385907
4.818489
0.386233
4.815123
0.386559
4.811762
0.386885
4.808406
0.387212
4.805055
0.387538
4.801708
0.387864
4.798367
0.388190
4.795030
0.388517
4.791698
0.388843
4.788370
0.389169
4.785048
0.389495
4.781730
0.389821
4.778416
0.390148
4.775107
0.390474
4.771803
0.390800
4.768504
0.391126
4.765209
0.391452
4.761919
0.391779
4.758634
0.392105
4.755353
0.392431
4.752077
0.392757
4.748806
0.393083
4.745539
0.393410
4.742276
0.393736
4.739018
0.394062
4.735765
0.394388
4.732516
0.394715
4.729272
0.395041
4.726033
0.395367
4.722797
0.395693
4.719567
0.396019
4.716341
0.396346
4.713120
0.396672
4.709902
0.396998
4.706690
0.397324
4.703482
0.397650
4.700278
0.397977
4.697079
0.398303
4.693884
0.398629
4.690694
0.398955
4.687508
0.399281
4.684327
0.399608
4.681149
0.399934
4.677977
0.400260
4.674809
0.400586
4.671645
0.400913
4.668485
0.401239
4.665330
0.401565
4.662179
0.401891
4.659033
0.402217
4.655890
0.402544
4.652753
0.402870
4.649619
0.403196
4.646490
0.403522
4.643365
0.403848
4.640244
0.404175
4.637128
0.404501
4.634016
0.404827
4.630908
0.405153
4.627805
0.405479
4.624705
0.405806
4.621610
0.406132
4.618519
0.406458
4.615433
0.406784
4.612350
0.407111
4.609272
0.407437
4.606198
0.407763
4.603127
0.408089
4.600062
0.408415
4.597001
0.408742
4.593943
0.409068
4.590889
0.409394
4.587841
0.409720
4.584795
0.410046
4.581755
0.410373
4.578718
0.410699
4.575685
0.411025
4.572657
0.411351
4.569632
0.411677
4.566612
0.412004
4.563595
0.412330
4.560583
0.412656
4.557575
0.412982
4.554571
0.413309
4.551570
0.413635
4.548574
0.413961
4.545582
0.414287
4.542594
0.414613
4.539610
0.414940
4.536630
0.415266
4.533654
0.415592
4.530682
0.415918
4.527713
0.416244
4.524749
0.416571
4.521789
0.416897
4.518832
0.417223
4.515880
0.417549
4.512931
0.417875
4.509987
0.418202
4.507046
0.418528
4.504110
0.418854
4.501177
0.419180
4.498248
0.419506
4.495323
0.419833
4.492402
0.420159
4.489484
0.420485
4.486571
0.420811
4.483661
0.421138
4.480755
0.421464
4.477853
0.421790
4.474956
0.422116
4.472061
0.422442
4.469171
0.422769
4.466284
0.423095
4.463401
0.423421
4.460522
0.423747
4.457647
0.424073
4.454775
0.424400
4.451908
0.424726
4.449044
0.425052
4.446183
0.425378
4.443327
0.425705
4.440474
0.426031
4.437625
0.426357
4.434780
0.426683
4.431938
0.427009
4.429100
0.427336
4.426266
0.427662
4.423435
0.427988
4.420609
0.428314
4.417785
0.428640
4.414966
0.428967
4.412150
0.429293
4.409338
0.429619
4.406529
0.429945
4.403725
0.430271
4.400923
0.430598
4.398126
0.430924
4.395332
0.431250
4.392541
0.431576
4.389754
0.431902
4.386971
0.432229
4.384192
0.432555
4.381416
0.432881
4.378643
0.433207
4.375875
0.433534
4.373109
0.433860
4.370347
0.434186
4.367589
0.434512
4.364835
0.434838
4.362083
0.435165
4.359336
0.435491
4.356592
0.435817
4.353851
0.436143
4.351114
0.436469
4.348381
0.436796
4.345651
0.437122
4.342924
0.437448
4.340201
0.437774
4.337481
0.438100
4.334765
0.438427
4.332052
0.438753
4.329343
0.439079
4.326637
0.439405
4.323935
0.439732
4.321236
0.440058
4.318541
0.440384
4.315848
0.440710
4.313160
0.441036
4.310475
0.441363
4.307793
0.441689
4.305114
0.442015
4.302439
0.442341
4.299767
0.442667
4.297100
0.442994
4.294435
0.443320
4.291773
0.443646
4.289114
0.443972
4.286459
0.444299
4.283808
0.444625
4.281160
0.444951
4.278515
0.445277
4.275874
0.445603
4.273235
0.445930
4.270600
0.446256
4.267969
0.446582
4.265340
0.446908
4.262715
0.447234
4.260094
0.447561
4.257475
0.447887
4.254860
0.448213
4.252248
0.448539
4.249639
0.448865
4.247034
0.449192
4.244431
0.449518
4.241833
0.449844
4.239237
0.450170
4.236645
0.450496
4.234055
0.450823
4.231469
0.451149
4.228887
0.451475
4.226306
0.451801
4.223731
0.452128
4.221157
0.452454
4.218587
0.452780
4.216020
0.453106
4.213457
0.453432
4.210896
0.453759
4.208339
0.454085
4.205784
0.454411
4.203233
0.454737
4.200686
0.455063
4.198141
0.455390
4.195599
0.455716
4.193060
0.456042
4.190525
0.456368
4.187993
0.456694
4.185464
0.457021
4.182938
0.457347
4.180415
0.457673
4.177895
0.457999
4.175378
0.458326
4.172864
0.458652
4.170353
0.458978
4.167846
0.459304
4.165342
0.459630
4.162840
0.459957
4.160342
0.460283
4.157846
0.460609
4.155354
0.460935
4.152865
0.461261
4.150379
0.461588
4.147895
0.461914
4.145415
0.462240
4.142938
0.462566
4.140464
0.462893
4.137993
0.463219
4.135524
0.463545
4.133060
0.463871
4.130597
0.464197
4.128138
0.464524
4.125682
0.464850
4.123228
0.465176
4.120778
0.465502
4.118330
0.465828
4.115886
0.466155
4.113445
0.466481
4.111006
0.466807
4.108571
0.467133
4.106138
0.467459
4.103708
0.467786
4.101281
0.468112
4.098857
0.468438
4.096437
0.468764
4.094018
0.469090
4.091603
0.469417
4.089191
0.469743
4.086782
0.470069
4.084375
0.470395
4.081972
0.470722
4.079570
0.471048
4.077173
0.471374
4.074778
0.471700
4.072385
0.472026
4.069996
0.472353
4.067609
0.472679
4.065226
0.473005
4.062845
0.473331
4.060467
0.473657
4.058092
0.473984
4.055719
0.474310
4.053350
0.474636
4.050983
0.474962
4.048619
0.475288
4.046258
0.475615
4.043900
0.475941
4.041544
0.476267
4.039192
0.476593
4.036842
0.476920
4.034494
0.477246
4.032150
0.477572
4.029809
0.477898
4.027470
0.478224
4.025133
0.478551
4.022800
0.478877
4.020469
0.479203
4.018141
0.479529
4.015816
0.479855
4.013494
0.480182
4.011174
0.480508
4.008857
0.480834
4.006543
0.481160
4.004231
0.481486
4.001922
0.481813
3.999616
0.482139
3.997313
0.482465
3.995012
0.482791
3.992714
0.483118
3.990418
0.483444
3.988126
0.483770
3.985836
0.484096
3.983548
0.484422
3.981263
0.484749
3.978981
0.485075
3.976702
0.485401
3.974426
0.485727
3.972151
0.486053
3.969880
0.486380
3.967611
0.486706
3.965345
0.487032
3.963081
0.487358
3.960820
0.487684
3.958562
0.488011
3.956306
0.488337
3.954053
0.488663
3.951802
0.488989
3.949554
0.489315
3.947309
0.489642
3.945066
0.489968
3.942826
0.490294
3.940589
0.490620
3.938354
0.490947
3.936121
0.491273
3.933891
0.491599
3.931664
0.491925
3.929439
0.492251
3.927217
0.492578
3.924998
0.492904
3.922781
0.493230
3.920566
0.493556
3.918354
0.493882
3.916144
0.494209
3.913937
0.494535
3.911733
0.494861
3.909531
0.495187
3.907332
0.495514
3.905135
0.495840
3.902940
0.496166
3.900748
0.496492
3.898559
0.496818
3.896372
0.497145
3.894187
0.497471
3.892006
0.497797
3.889826
0.498123
3.887649
0.498449
3.885475
0.498776
3.883303
0.499102
3.881133
0.499428
3.878966
0.499754
3.876801
0.500080
3.874639
0.500407
3.872479
0.500733
3.870322
0.501059
3.868167
0.501385
3.866014
0.501711
3.863864
0.502038
3.861717
0.502364
3.859572
0.502690
3.857429
0.503016
3.855289
0.503343
3.853151
0.503669
3.851015
0.503995
3.848882
0.504321
3.846751
0.504647
3.844623
0.504974
3.842497
0.505300
3.840373
0.505626
3.838252
0.505952
3.836133
0.506278
3.834017
0.506605
3.831903
0.506931
3.829791
0.507257
3.827681
0.507583
3.825574
0.507909
3.823469
0.508236
3.821367
0.508562
3.819267
0.508888
3.817169
0.509214
3.815074
0.509541
3.812981
0.509867
3.810890
0.510193
3.808802
0.510519
3.806716
0.510845
3.804632
0.511172
3.802551
0.511498
3.800472
0.511824
3.798395
0.512150
3.796320
0.512476
3.794248
0.512803
3.792178
0.513129
3.790111
0.513455
3.788046
0.513781
3.785982
0.514108
3.783922
0.514434
3.781863
0.514760
3.779807
0.515086
3.777753
0.515412
3.775701
0.515739
3.773652
0.516065
3.771605
0.516391
3.769560
0.516717
3.767517
0.517043
3.765477
0.517370
3.763438
0.517696
3.761402
0.518022
3.759368
0.518348
3.757337
0.518674
3.755308
0.519001
3.753281
0.519327
3.751256
0.519653
3.749233
0.519979
3.747213
0.520306
3.745194
0.520632
3.743178
0.520958
3.741164
0.521284
3.739153
0.521610
3.737144
0.521937
3.735136
0.522263
3.733131
0.522589
3.731128
0.522915
3.729127
0.523241
3.727129
0.523568
3.725132
0.523894
3.723138
0.524220
3.721146
0.524546
3.719157
0.524872
3.717169
0.525199
3.715183
0.525525
3.713200
0.525851
3.711218
0.526177
3.709239
0.526503
3.707262
0.526830
3.705287
0.527156
3.703315
0.527482
3.701344
0.527808
3.699375
0.528135
3.697409
0.528461
3.695445
0.528787
3.693483
0.529113
3.691523
0.529439
3.689564
0.529766
3.687609
0.530092
3.685655
0.530418
3.683703
0.530744
3.681754
0.531070
3.679806
0.531397
3.677861
0.531723
3.675918
0.532049
3.673976
0.532375
3.672037
0.532701
3.670100
0.533028
3.668165
0.533354
3.666232
0.533680
3.664301
0.534006
3.662373
0.534333
3.660446
0.534659
3.658521
0.534985
3.656599
0.535311
3.654678
0.535637
3.652759
0.535964
3.650843
0.536290
3.648928
0.536616
3.647016
0.536942
3.645105
0.537268
3.643197
0.537595
3.641291
0.537921
3.639386
0.538247
3.637484
0.538573
3.635584
0.538899
3.633685
0.539226
3.631789
0.539552
3.629895
0.539878
3.628002
0.540204
3.626112
0.540531
3.624224
0.540857
3.622338
0.541183
3.620453
0.541509
3.618571
0.541835
3.616690
0.542162
3.614812
0.542488
3.612936
0.542814
3.611061
0.543140
3.609189
0.543466
3.607318
0.543793
3.605449
0.544119
3.603583
0.544445
3.601718
0.544771
3.599855
0.545097
3.597995
0.545424
3.596136
0.545750
3.594279
0.546076
3.592424
0.546402
3.590571
0.546729
3.588720
0.547055
3.586871
0.547381
3.585024
0.547707
3.583179
0.548033
3.581335
0.548360
3.579494
0.548686
3.577654
0.549012
3.575817
0.549338
3.573981
0.549664
3.572147
0.549991
3.570315
0.550317
3.568485
0.550643
3.566657
0.550969
3.564831
0.551295
3.563007
0.551622
3.561184
0.551948
3.559364
0.552274
3.557545
0.552600
3.555728
0.552927
3.553914
0.553253
3.552101
0.553579
3.550290
0.553905
3.548480
0.554231
3.546673
0.554558
3.544867
0.554884
3.543064
0.555210
3.541262
0.555536
3.539462
0.555862
3.537664
0.556189
3.535867
0.556515
3.534073
0.556841
3.532280
0.557167
3.530490
0.557493
3.528701
0.557820
3.526914
0.558146
3.525129
0.558472
3.523345
0.558798
3.521564
0.559125
3.519784
0.559451
3.518006
0.559777
3.516230
0.560103
3.514455
0.560429
3.512683
0.560756
3.510912
0.561082
3.509143
0.561408
3.507376
0.561734
3.505611
0.562060
3.503847
0.562387
3.502086
0.562713
3.500326
0.563039
3.498568
0.563365
3.496811
0.563691
3.495057
0.564018
3.493304
0.564344
3.491553
0.564670
3.489804
0.564996
3.488056
0.565323
3.486311
0.565649
3.484567
0.565975
3.482825
0.566301
3.481084
0.566627
3.479346
0.566954
3.477609
0.567280
3.475874
0.567606
3.474140
0.567932
3.472409
0.568258
3.470679
0.568585
3.468951
0.568911
3.467224
0.569237
3.465500
0.569563
3.463777
0.569889
3.462055
0.570216
3.460336
0.570542
3.458618
0.570868
3.456902
0.571194
3.455188
0.571521
3.453475
0.571847
3.451765
0.572173
3.450055
0.572499
3.448348
0.572825
3.446642
0.573152
3.444938
0.573478
3.443236
0.573804
3.441535
0.574130
3.439836
0.574456
3.438139
0.574783
3.436444
0.575109
3.434750
0.575435
3.433058
0.575761
3.431367
0.576087
3.429678
0.576414
3.427991
0.576740
3.426306
0.577066
3.424622
0.577392
3.422940
0.577719
3.421260
0.578045
3.419581
0.578371
3.417904
0.578697
3.416229
0.579023
3.414555
0.579350
3.412883
0.579676
3.411212
0.580002
3.409544
0.580328
3.407876
0.580654
3.406211
0.580981
3.404547
0.581307
3.402885
0.581633
3.401224
0.581959
3.399565
0.582285
3.397908
0.582612
3.396252
0.582938
3.394598
0.583264
3.392946
0.583590
3.391295
0.583917
3.389646
0.584243
3.387999
0.584569
3.386353
0.584895
3.384708
0.585221
3.383066
0.585548
3.381425
0.585874
3.379785
0.586200
3.378147
0.586526
3.376511
0.586852
3.374876
0.587179
3.373243
0.587505
3.371612
0.587831
3.369982
0.588157
3.368354
0.588483
3.366727
0.588810
3.365102
0.589136
3.363479
0.589462
3.361857
0.589788
3.360236
0.590114
3.358618
0.590441
3.357000
0.590767
3.355385
0.591093
3.353771
0.591419
3.352158
0.591746
3.350547
0.592072
3.348938
0.592398
3.347330
0.592724
3.345724
0.593050
3.344120
0.593377
3.342516
0.593703
3.340915
0.594029
3.339315
0.594355
3.337716
0.594681
3.336119
0.595008
3.334524
0.595334
3.332930
0.595660
3.331338
0.595986
3.329747
0.596313
3.328158
0.596639
3.326570
0.596965
3.324984
0.597291
3.323400
0.597617
3.321816
0.597944
3.320235
0.598270
3.318655
0.598596
3.317076
0.598922
3.315499
0.599248
3.313924
0.599575
3.312350
0.599901
3.310777
0.600227
3.309206
0.600553
3.307637
0.600879
3.306069
0.601206
3.304502
0.601532
3.302937
0.601858
3.301374
0.602184
3.299812
0.602511
3.298251
0.602837
3.296693
0.603163
3.295135
0.603489
3.293579
0.603815
3.292024
0.604142
3.290471
0.604468
3.288920
0.604794
3.287370
0.605120
3.285821
0.605446
3.284274
0.605773
3.282728
0.606099
3.281184
0.606425
3.279641
0.606751
3.278100
0.607077
3.276560
0.607404
3.275022
0.607730
3.273485
0.608056
3.271950
0.608382
3.270416
0.608709
3.268883
0.609035
3.267352
0.609361
3.265823
0.609687
3.264294
0.610013
3.262768
0.610340
3.261242
0.610666
3.259718
0.610992
3.258196
0.611318
3.256675
0.611644
3.255155
0.611971
3.253638
0.612297
3.252121
0.612623
3.250605
0.612949
3.249092
0.613275
3.247579
0.613602
3.246068
0.613928
3.244559
0.614254
3.243051
0.614580
3.241544
0.614907
3.240038
0.615233
3.238535
0.615559
3.237032
0.615885
3.235531
0.616211
3.234031
0.616538
3.232533
0.616864
3.231036
0.617190
3.229541
0.617516
3.228047
0.617842
3.226554
0.618169
3.225063
0.618495
3.223573
0.618821
3.222084
0.619147
3.220597
0.619473
3.219111
0.619800
3.217627
0.620126
3.216144
0.620452
3.214662
0.620778
3.213182
0.621104
3.211703
0.621431
3.210226
0.621757
3.208750
0.622083
3.207275
0.622409
3.205802
0.622736
3.204330
0.623062
3.202859
0.623388
3.201390
0.623714
3.199922
0.624040
3.198456
0.624367
3.196990
0.624693
3.195526
0.625019
3.194064
0.625345
3.192603
0.625671
3.191143
0.625998
3.189685
0.626324
3.188228
0.626650
3.186772
0.626976
3.185317
0.627302
3.183864
0.627629
3.182413
0.627955
3.180962
0.628281
3.179513
0.628607
3.178066
0.628934
3.176619
0.629260
3.175174
0.629586
3.173730
0.629912
3.172288
0.630238
3.170847
0.630565
3.169407
0.630891
3.167969
0.631217
3.166531
0.631543
3.165096
0.631869
3.163661
0.632196
3.162228
0.632522
3.160796
0.632848
3.159366
0.633174
3.157936
0.633501
3.156508
0.633827
3.155082
0.634153
3.153656
0.634479
3.152232
0.634805
3.150810
0.635132
3.149388
0.635458
3.147968
0.635784
3.146549
0.636110
3.145132
0.636436
3.143715
0.636763
3.142300
0.637089
3.140887
0.637415
3.139474
0.637741
3.138063
0.638067
3.136653
0.638394
3.135244
0.638720
3.133837
0.639046
3.132431
0.639372
3.131026
0.639699
3.129623
0.640025
3.128221
0.640351
3.126820
0.640677
3.125420
0.641003
3.124022
0.641330
3.122624
0.641656
3.121228
0.641982
3.119834
0.642308
3.118440
0.642634
3.117048
0.642961
3.115657
0.643287
3.114268
0.643613
3.112879
0.643939
3.111492
0.644265
3.110106
0.644592
3.108722
0.644918
3.107338
0.645244
3.105956
0.645570
3.104575
0.645896
3.103196
0.646223
3.101817
0.646549
3.100440
0.646875
3.099064
0.647201
3.097689
0.647528
3.096316
0.647854
3.094943
0.648180
3.093572
0.648506
3.092203
0.648832
3.090834
0.649159
3.089467
0.649485
3.088100
0.649811
3.086735
0.650137
3.085372
0.650463
3.084009
0.650790
3.082648
0.651116
3.081288
0.651442
3.079929
0.651768
3.078571
0.652094
3.077215
0.652421
3.075860
0.652747
3.074506
0.653073
3.073153
0.653399
3.071801
0.653726
3.070451
0.654052
3.069102
0.654378
3.067753
0.654704
3.066406
0.655030
3.065061
0.655357
3.063716
0.655683
3.062373
0.656009
3.061031
0.656335
3.059690
0.656661
3.058350
0.656988
3.057012
0.657314
3.055675
0.657640
3.054338
0.657966
3.053003
0.658292
3.051670
0.658619
3.050337
0.658945
3.049006
0.659271
3.047675
0.659597
3.046346
0.659923
3.045018
0.660250
3.043691
0.660576
3.042366
0.660902
3.041041
0.661228
3.039718
0.661555
3.038396
0.661881
3.037075
0.662207
3.035755
0.662533
3.034436
0.662859
3.033119
0.663186
3.031802
0.663512
3.030487
0.663838
3.029173
0.664164
3.027860
0.664490
3.026548
0.664817
3.025238
0.665143
3.023928
0.665469
3.022620
0.665795
3.021313
0.666122
3.020007
0.666448
3.018702
0.666774
3.017398
0.667100
3.016096
0.667426
3.014794
0.667753
3.013494
0.668079
3.012194
0.668405
3.010896
0.668731
3.009600
0.669057
3.008304
0.669384
3.007009
0.669710
3.005715
0.670036
3.004423
0.670362
3.003131
0.670689
3.001841
0.671015
3.000552
0.671341
2.999264
0.671667
2.997977
0.671993
2.996691
0.672320
2.995407
0.672646
2.994123
0.672972
2.992841
0.673298
2.991560
0.673624
2.990279
0.673951
2.989000
0.674277
2.987722
0.674603
2.986445
0.674929
2.985169
0.675255
2.983895
0.675582
2.982621
0.675908
2.981349
0.676234
2.980077
0.676560
2.978807
0.676886
2.977537
0.677213
2.976269
0.677539
2.975003
0.677865
2.973736
0.678191
2.972471
0.678518
2.971208
0.678844
2.969945
0.679170
2.968683
0.679496
2.967423
0.679822
2.966163
0.680149
2.964905
0.680475
2.963647
0.680801
2.962391
0.681127
2.961136
0.681453
2.959882
0.681780
2.958629
0.682106
2.957377
0.682432
2.956126
0.682758
2.954876
0.683084
2.953627
0.683411
2.952380
0.683737
2.951133
0.684063
2.949888
0.684389
2.948643
0.684716
2.947400
0.685042
2.946157
0.685368
2.944916
0.685694
2.943676
0.686020
2.942436
0.686347
2.941198
0.686673
2.939961
0.686999
2.938725
0.687325
2.937490
0.687651
2.936256
0.687978
2.935023
0.688304
2.933791
0.688630
2.932560
0.688956
2.931330
0.689282
2.930102
0.689609
2.928874
0.689935
2.927647
0.690261
2.926421
0.690587
2.925197
0.690913
2.923973
0.691240
2.922750
0.691566
2.921529
0.691892
2.920308
0.692218
2.919089
0.692545
2.917871
0.692871
2.916653
0.693197
2.915437
0.693523
2.914221
0.693849
2.913007
0.694176
2.911793
0.694502
2.910581
0.694828
2.909370
0.695154
2.908159
0.695480
2.906950
0.695807
2.905742
0.696133
2.904535
0.696459
2.903328
0.696785
2.902123
0.697111
2.900919
0.697438
2.899716
0.697764
2.898514
0.698090
2.897312
0.698416
2.896112
0.698743
2.894913
0.699069
2.893715
0.699395
2.892518
0.699721
2.891321
0.700047
2.890126
0.700374
2.888932
0.700700
2.887738
0.701026
2.886546
0.701352
2.885355
0.701678
2.884165
0.702005
2.882976
0.702331
2.881788
0.702657
2.880600
0.702983
2.879414
0.703310
2.878229
0.703636
2.877044
0.703962
2.875861
0.704288
2.874679
0.704614
2.873497
0.704941
2.872317
0.705267
2.871137
0.705593
2.869959
0.705919
2.868781
0.706245
2.867605
0.706572
2.866429
0.706898
2.865255
0.707224
2.864081
0.707550
2.862909
0.707876
2.861737
0.708203
2.860566
0.708529
2.859396
0.708855
2.858228
0.709181
2.857060
0.709508
2.855893
0.709834
2.854727
0.710160
2.853562
0.710486
2.852398
0.710812
2.851235
0.711139
2.850073
0.711465
2.848912
0.711791
2.847752
0.712117
2.846593
0.712443
2.845435
0.712770
2.844277
0.713096
2.843121
0.713422
2.841965
0.713748
2.840811
0.714074
2.839658
0.714401
2.838505
0.714727
2.837353
0.715053
2.836203
0.715379
2.835053
0.715705
2.833904
0.716032
2.832756
0.716358
2.831609
0.716684
2.830463
0.717010
2.829318
0.717337
2.828174
0.717663
2.827031
0.717989
2.825889
0.718315
2.824748
0.718641
2.823607
0.718968
2.822468
0.719294
2.821329
0.719620
2.820191
0.719946
2.819055
0.720272
2.817919
0.720599
2.816784
0.720925
2.815650
0.721251
2.814517
0.721577
2.813385
0.721904
2.812254
0.722230
2.811124
0.722556
2.809994
0.722882
2.808866
0.723208
2.807738
0.723535
2.806612
0.723861
2.805486
0.724187
2.804361
0.724513
2.803237
0.724839
2.802114
0.725166
2.800992
0.725492
2.799871
0.725818
2.798751
0.726144
2.797632
0.726470
2.796513
0.726797
2.795396
0.727123
2.794279
0.727449
2.793163
0.727775
2.792048
0.728101
2.790934
0.728428
2.789821
0.728754
2.788709
0.729080
2.787598
0.729406
2.786488
0.729733
2.785378
0.730059
2.784269
0.730385
2.783162
0.730711
2.782055
0.731037
2.780949
0.731364
2.779844
0.731690
2.778740
0.732016
2.777636
0.732342
2.776534
0.732668
2.775433
0.732995
2.774332
0.733321
2.773232
0.733647
2.772133
0.733973
2.771035
0.734299
2.769938
0.734626
2.768842
0.734952
2.767746
0.735278
2.766652
0.735604
2.765558
0.735931
2.764466
0.736257
2.763374
0.736583
2.762283
0.736909
2.761192
0.737235
2.760103
0.737562
2.759015
0.737888
2.757927
0.738214
2.756840
0.738540
2.755754
0.738866
2.754670
0.739193
2.753586
0.739519
2.752502
0.739845
2.751420
0.740171
2.750338
0.740497
2.749258
0.740824
2.748178
0.741150
2.747099
0.741476
2.746021
0.741802
2.744943
0.742129
2.743867
0.742455
2.742791
0.742781
2.741717
0.743107
2.740643
0.743433
2.739570
0.743760
2.738497
0.744086
2.737426
0.744412
2.736356
0.744738
2.735286
0.745064
2.734217
0.745391
2.733149
0.745717
2.732082
0.746043
2.731016
0.746369
2.729950
0.746695
2.728886
0.747022
2.727822
0.747348
2.726759
0.747674
2.725697
0.748000
2.724636
0.748327
2.723575
0.748653
2.722516
0.748979
2.721457
0.749305
2.720399
0.749631
2.719342
0.749958
2.718285
0.750284
2.717230
0.750610
2.716175
0.750936
2.715122
0.751262
2.714068
0.751589
2.713016
0.751915
2.711965
0.752241
2.710914
0.752567
2.709865
0.752893
2.708816
0.753220
2.707768
0.753546
2.706720
0.753872
2.705674
0.754198
2.704628
0.754525
2.703583
0.754851
2.702539
0.755177
2.701496
0.755503
2.700454
0.755829
2.699412
0.756156
2.698372
0.756482
2.697332
0.756808
2.696292
0.757134
2.695254
0.757460
2.694216
0.757787
2.693180
0.758113
2.692144
0.758439
2.691109
0.758765
2.690074
0.759091
2.689041
0.759418
2.688008
0.759744
2.686976
0.760070
2.685945
0.760396
2.684915
0.760723
2.683885
0.761049
2.682856
0.761375
2.681828
0.761701
2.680801
0.762027
2.679775
0.762354
2.678749
0.762680
2.677725
0.763006
2.676701
0.763332
2.675677
0.763658
2.674655
0.763985
2.673633
0.764311
2.672612
0.764637
2.671592
0.764963
2.670573
0.765289
2.669554
0.765616
2.668537
0.765942
2.667520
0.766268
2.666504
0.766594
2.665488
0.766921
2.664474
0.767247
2.663460
0.767573
2.662447
0.767899
2.661435
0.768225
2.660423
0.768552
2.659412
0.768878
2.658402
0.769204
2.657393
0.769530
2.656385
0.769856
2.655377
0.770183
2.654371
0.770509
2.653364
0.770835
2.652359
0.771161
2.651354
0.771487
2.650351
0.771814
2.649348
0.772140
2.648345
0.772466
2.647344
0.772792
2.646343
0.773119
2.645343
0.773445
2.644344
0.773771
2.643345
0.774097
2.642348
0.774423
2.641351
0.774750
2.640354
0.775076
2.639359
0.775402
2.638365
0.775728
2.637370
0.776054
2.636377
0.776381
2.635385
0.776707
2.634393
0.777033
2.633402
0.777359
2.632412
0.777685
2.631423
0.778012
2.630434
0.778338
2.629446
0.778664
2.628459
0.778990
2.627473
0.779316
2.626487
0.779643
2.625502
0.779969
2.624518
0.780295
2.623534
0.780621
2.622551
0.780948
2.621570
0.781274
2.620588
0.781600
2.619608
0.781926
2.618628
0.782252
2.617649
0.782579
2.616671
0.782905
2.615693
0.783231
2.614717
0.783557
2.613740
0.783883
2.612765
0.784210
2.611790
0.784536
2.610817
0.784862
2.609843
0.785188
2.608871
0.785514
2.607899
0.785841
2.606928
0.786167
2.605958
0.786493
2.604989
0.786819
2.604020
0.787146
2.603052
0.787472
2.602084
0.787798
2.601118
0.788124
2.600152
0.788450
2.599187
0.788777
2.598222
0.789103
2.597259
0.789429
2.596296
0.789755
2.595333
0.790081
2.594372
0.790408
2.593411
0.790734
2.592451
0.791060
2.591491
0.791386
2.590533
0.791713
2.589575
0.792039
2.588618
0.792365
2.587661
0.792691
2.586705
0.793017
2.585750
0.793344
2.584795
0.793670
2.583842
0.793996
2.582889
0.794322
2.581936
0.794648
2.580985
0.794975
2.580034
0.795301
2.579084
0.795627
2.578134
0.795953
2.577185
0.796279
2.576237
0.796606
2.575290
0.796932
2.574343
0.797258
2.573397
0.797584
2.572452
0.797911
2.571507
0.798237
2.570564
0.798563
2.569621
0.798889
2.568678
0.799215
2.567736
0.799542
2.566795
0.799868
2.565855
0.800194
2.564915
0.800520
2.563976
0.800846
2.563038
0.801173
2.562100
0.801499
2.561163
0.801825
2.560227
0.802151
2.559291
0.802477
2.558356
0.802804
2.557422
0.803130
2.556489
0.803456
2.555556
0.803782
2.554624
0.804109
2.553692
0.804435
2.552762
0.804761
2.551831
0.805087
2.550902
0.805413
2.549973
0.805740
2.549045
0.806066
2.548118
0.806392
2.547191
0.806718
2.546265
0.807044
2.545340
0.807371
2.544415
0.807697
2.543491
0.808023
2.542568
0.808349
2.541645
0.808675
2.540723
0.809002
2.539802
0.809328
2.538881
0.809654
2.537961
0.809980
2.537042
0.810306
2.536124
0.810633
2.535206
0.810959
2.534288
0.811285
2.533372
0.811611
2.532456
0.811938
2.531541
0.812264
2.530626
0.812590
2.529712
0.812916
2.528799
0.813242
2.527886
0.813569
2.526974
0.813895
2.526063
0.814221
2.525152
0.814547
2.524242
0.814873
2.523333
0.815200
2.522424
0.815526
2.521517
0.815852
2.520609
0.816178
2.519702
0.816504
2.518796
0.816831
2.517891
0.817157
2.516986
0.817483
2.516083
0.817809
2.515179
0.818135
2.514276
0.818462
2.513374
0.818788
2.512473
0.819114
2.511572
0.819440
2.510672
0.819767
2.509772
0.820093
2.508873
0.820419
2.507975
0.820745
2.507078
0.821071
2.506181
0.821398
2.505285
0.821724
2.504389
0.822050
2.503494
0.822376
2.502600
0.822702
2.501706
0.823029
2.500813
0.823355
2.499921
0.823681
2.499029
0.824007
2.498138
0.824334
2.497247
0.824660
2.496357
0.824986
2.495468
0.825312
2.494580
0.825638
2.493692
0.825965
2.492804
0.826291
2.491918
0.826617
2.491032
0.826943
2.490146
0.827269
2.489262
0.827596
2.488377
0.827922
2.487494
0.828248
2.486611
0.828574
2.485729
0.828901
2.484847
0.829227
2.483966
0.829553
2.483086
0.829879
2.482206
0.830205
2.481327
0.830532
2.480449
0.830858
2.479571
0.831184
2.478693
0.831510
2.477817
0.831836
2.476941
0.832163
2.476066
0.832489
2.475191
0.832815
2.474317
0.833141
2.473443
0.833467
2.472570
0.833794
2.471698
0.834120
2.470827
0.834446
2.469956
0.834772
2.469085
0.835099
2.468215
0.835425
2.467346
0.835751
2.466478
0.836077
2.465610
0.836403
2.464743
0.836730
2.463876
0.837056
2.463010
0.837382
2.462144
0.837708
2.461279
0.838034
2.460415
0.838361
2.459552
0.838687
2.458688
0.839013
2.457826
0.839339
2.456964
0.839665
2.456103
0.839992
2.455243
0.840318
2.454383
0.840644
2.453523
0.840970
2.452664
0.841296
2.451806
0.841623
2.450949
0.841949
2.450092
0.842275
2.449235
0.842601
2.448380
0.842928
2.447524
0.843254
2.446670
0.843580
2.445816
0.843906
2.444963
0.844232
2.444110
0.844559
2.443258
0.844885
2.442406
0.845211
2.441555
0.845537
2.440705
0.845863
2.439855
0.846190
2.439006
0.846516
2.438157
0.846842
2.437309
0.847168
2.436462
0.847494
2.435615
0.847821
2.434769
0.848147
2.433923
0.848473
2.433078
0.848799
2.432234
0.849126
2.431390
0.849452
2.430547
0.849778
2.429704
0.850104
2.428862
0.850430
2.428020
0.850757
2.427179
0.851083
2.426339
0.851409
2.425499
0.851735
2.424660
0.852061
2.423821
0.852388
2.422983
0.852714
2.422146
0.853040
2.421309
0.853366
2.420473
0.853692
2.419637
0.854019
2.418802
0.854345
2.417968
0.854671
2.417134
0.854997
2.416300
0.855323
2.415468
0.855650
2.414635
0.855976
2.413804
0.856302
2.412973
0.856628
2.412142
0.856955
2.411312
0.857281
2.410483
0.857607
2.409654
0.857933
2.408826
0.858259
2.407999
0.858586
2.407171
0.858912
2.406345
0.859238
2.405519
0.859564
2.404694
0.859890
2.403869
0.860217
2.403045
0.860543
2.402221
0.860869
2.401398
0.861195
2.400576
0.861522
2.399754
0.861848
2.398932
0.862174
2.398112
0.862500
2.397291
0.862826
2.396472
0.863153
2.395653
0.863479
2.394834
0.863805
2.394016
0.864131
2.393199
0.864457
2.392382
0.864784
2.391566
0.865110
2.390750
0.865436
2.389935
0.865762
2.389120
0.866088
2.388306
0.866415
2.387493
0.866741
2.386680
0.867067
2.385867
0.867393
2.385056
0.867720
2.384244
0.868046
2.383434
0.868372
2.382623
0.868698
2.381814
0.869024
2.381005
0.869351
2.380196
0.869677
2.379388
0.870003
2.378581
0.870329
2.377774
0.870655
2.376968
0.870982
2.376162
0.871308
2.375357
0.871634
2.374552
0.871960
2.373748
0.872286
2.372944
0.872613
2.372141
0.872939
2.371339
0.873265
2.370537
0.873591
2.369736
0.873917
2.368935
0.874244
2.368134
0.874570
2.367335
0.874896
2.366536
0.875222
2.365737
0.875549
2.364939
0.875875
2.364141
0.876201
2.363344
0.876527
2.362548
0.876853
2.361752
0.877180
2.360956
0.877506
2.360162
0.877832
2.359367
0.878158
2.358573
0.878484
2.357780
0.878811
2.356987
0.879137
2.356195
0.879463
2.355404
0.879789
2.354613
0.880116
2.353822
0.880442
2.353032
0.880768
2.352242
0.881094
2.351453
0.881420
2.350665
0.881747
2.349877
0.882073
2.349090
0.882399
2.348303
0.882725
2.347516
0.883051
2.346731
0.883378
2.345945
0.883704
2.345161
0.884030
2.344376
0.884356
2.343593
0.884682
2.342810
0.885009
2.342027
0.885335
2.341245
0.885661
2.340463
0.885987
2.339682
0.886313
2.338902
0.886640
2.338122
0.886966
2.337342
0.887292
2.336563
0.887618
2.335785
0.887945
2.335007
0.888271
2.334229
0.888597
2.333452
0.888923
2.332676
0.889249
2.331900
0.889576
2.331125
0.889902
2.330350
0.890228
2.329576
0.890554
2.328802
0.890880
2.328029
0.891207
2.327256
0.891533
2.326484
0.891859
2.325712
0.892185
2.324941
0.892511
2.324170
0.892838
2.323400
0.893164
2.322630
0.893490
2.321861
0.893816
2.321093
0.894143
2.320325
0.894469
2.319557
0.894795
2.318790
0.895121
2.318023
0.895447
2.317257
0.895774
2.316492
0.896100
2.315727
0.896426
2.314962
0.896752
2.314198
0.897078
2.313434
0.897405
2.312671
0.897731
2.311909
0.898057
2.311147
0.898383
2.310385
0.898709
2.309624
0.899036
2.308864
0.899362
2.308104
0.899688
2.307344
0.900014
2.306585
0.900341
2.305827
0.900667
2.305069
0.900993
2.304311
0.901319
2.303554
0.901645
2.302798
0.901972
2.302042
0.902298
2.301286
0.902624
2.300531
0.902950
2.299777
0.903276
2.299023
0.903603
2.298269
0.903929
2.297516
0.904255
2.296764
0.904581
2.296012
0.904908
2.295260
0.905234
2.294509
0.905560
2.293759
0.905886
2.293009
0.906212
2.292259
0.906539
2.291510
0.906865
2.290761
0.907191
2.290013
0.907517
2.289266
0.907843
2.288519
0.908170
2.287772
0.908496
2.287026
0.908822
2.286280
0.909148
2.285535
0.909474
2.284791
0.909801
2.284046
0.910127
2.283303
0.910453
2.282559
0.910779
2.281817
0.911106
2.281075
0.911432
2.280333
0.911758
2.279592
0.912084
2.278851
0.912410
2.278111
0.912736
2.277371
0.913063
2.276631
0.913389
2.275892
0.913715
2.275154
0.914041
2.274416
0.914368
2.273679
0.914694
2.272942
0.915020
2.272206
0.915346
2.271470
0.915672
2.270734
0.915999
2.269999
0.916325
2.269265
0.916651
2.268531
0.916977
2.267797
0.917304
2.267064
0.917630
2.266331
0.917956
2.265599
0.918282
2.264868
0.918608
2.264136
0.918935
2.263406
0.919261
2.262675
0.919587
2.261946
0.919913
2.261216
0.920239
2.260488
0.920566
2.259759
0.920892
2.259031
0.921218
2.258304
0.921544
2.257577
0.921870
2.256851
0.922197
2.256125
0.922523
2.255399
0.922849
2.254674
0.923175
2.253949
0.923501
2.253225
0.923828
2.252502
0.924154
2.251779
0.924480
2.251056
0.924806
2.250334
0.925133
2.249612
0.925459
2.248890
0.925785
2.248170
0.926111
2.247449
0.926437
2.246729
0.926764
2.246010
0.927090
2.245291
0.927416
2.244572
0.927742
2.243854
0.928068
2.243137
0.928395
2.242419
0.928721
2.241703
0.929047
2.240987
0.929373
2.240271
0.929699
2.239556
0.930026
2.238841
0.930352
2.238126
0.930678
2.237412
0.931004
2.236699
0.931331
2.235986
0.931657
2.235273
0.931983
2.234561
0.932309
2.233850
0.932635
2.233138
0.932962
2.232428
0.933288
2.231717
0.933614
2.231007
0.933940
2.230298
0.934266
2.229589
0.934593
2.228880
0.934919
2.228173
0.935245
2.227465
0.935571
2.226758
0.935897
2.226051
0.936224
2.225345
0.936550
2.224639
0.936876
2.223934
0.937202
2.223229
0.937528
2.222525
0.937855
2.221821
0.938181
2.221117
0.938507
2.220414
0.938833
2.219711
0.939160
2.219009
0.939486
2.218307
0.939812
2.217606
0.940138
2.216905
0.940464
2.216205
0.940791
2.215505
0.941117
2.214805
0.941443
2.214106
0.941769
2.213408
0.942096
2.212710
0.942422
2.212012
0.942748
2.211315
0.943074
2.210618
0.943400
2.209921
0.943726
2.209225
0.944053
2.208530
0.944379
2.207835
0.944705
2.207140
0.945031
2.206446
0.945358
2.205752
0.945684
2.205059
0.946010
2.204366
0.946336
2.203673
0.946662
2.202981
0.946989
2.202290
0.947315
2.201599
0.947641
2.200908
0.947967
2.200218
0.948294
2.199528
0.948620
2.198838
0.948946
2.198149
0.949272
2.197461
0.949598
2.196773
0.949924
2.196085
0.950251
2.195398
0.950577
2.194711
0.950903
2.194025
0.951229
2.193339
0.951556
2.192653
0.951882
2.191968
0.952208
2.191283
0.952534
2.190599
0.952860
2.189915
0.953187
2.189232
0.953513
2.188549
0.953839
2.187866
0.954165
2.187184
0.954491
2.186503
0.954818
2.185822
0.955144
2.185141
0.955470
2.184460
0.955796
2.183780
0.956123
2.183101
0.956449
2.182422
0.956775
2.181743
0.957101
2.181065
0.957427
2.180387
0.957754
2.179709
0.958080
2.179033
0.958406
2.178356
0.958732
2.177680
0.959058
2.177004
0.959385
2.176329
0.959711
2.175654
0.960037
2.174979
0.960363
2.174305
0.960689
2.173632
0.961016
2.172959
0.961342
2.172286
0.961668
2.171613
0.961994
2.170942
0.962321
2.170270
0.962647
2.169599
0.962973
2.168928
0.963299
2.168258
0.963625
2.167588
0.963952
2.166919
0.964278
2.166250
0.964604
2.165581
0.964930
2.164913
0.965256
2.164245
0.965583
2.163578
0.965909
2.162910
0.966235
2.162244
0.966561
2.161578
0.966887
2.160912
0.967214
2.160247
0.967540
2.159582
0.967866
2.158917
0.968192
2.158253
0.968518
2.157590
0.968845
2.156926
0.969171
2.156264
0.969497
2.155601
0.969823
2.154939
0.970150
2.154277
0.970476
2.153616
0.970802
2.152956
0.971128
2.152295
0.971454
2.151635
0.971781
2.150975
0.972107
2.150316
0.972433
2.149657
0.972759
2.148999
0.973085
2.148341
0.973412
2.147684
0.973738
2.147026
0.974064
2.146370
0.974390
2.145713
0.974716
2.145057
0.975043
2.144402
0.975369
2.143747
0.975695
2.143092
0.976021
2.142438
0.976348
2.141784
0.976674
2.141130
0.977000
2.140477
0.977326
2.139824
0.977652
2.139172
0.977979
2.138520
0.978305
2.137868
0.978631
2.137217
0.978957
2.136567
0.979284
2.135916
0.979610
2.135266
0.979936
2.134617
0.980262
2.133967
0.980588
2.133319
0.980914
2.132670
0.981241
2.132022
0.981567
2.131375
0.981893
2.130728
0.982219
2.130081
0.982546
2.129435
0.982872
2.128789
0.983198
2.128143
0.983524
2.127498
0.983850
2.126853
0.984177
2.126209
0.984503
2.125565
0.984829
2.124921
0.985155
2.124278
0.985482
2.123635
0.985808
2.122992
0.986134
2.122350
0.986460
2.121709
0.986786
2.121067
0.987112
2.120426
0.987439
2.119786
0.987765
2.119146
0.988091
2.118506
0.988417
2.117867
0.988744
2.117228
0.989070
2.116589
0.989396
2.115951
0.989722
2.115313
0.990048
2.114676
0.990375
2.114038
0.990701
2.113402
0.991027
2.112766
0.991353
2.112130
0.991679
2.111494
0.992006
2.110859
0.992332
2.110224
0.992658
2.109590
0.992984
2.108956
0.993311
2.108323
0.993637
2.107689
0.993963
2.107057
0.994289
2.106424
0.994615
2.105792
0.994942
2.105161
0.995268
2.104529
0.995594
2.103898
0.995920
2.103268
0.996246
2.102638
0.996573
2.102008
0.996899
2.101379
0.997225
2.100749
0.997551
2.100121
0.997877
2.099493
0.998204
2.098865
0.998530
2.098237
0.998856
2.097610
0.999182
2.096983
0.999509
2.096357
0.999835
2.095731
1.000161
2.095105
1.000487
2.094480
1.000813
2.093855
1.001140
2.093231
1.001466
2.092607
1.001792
2.091983
1.002118
2.091360
1.002444
2.090736
1.002771
2.090114
1.003097
2.089492
1.003423
2.088870
1.003749
2.088248
1.004075
2.087627
1.004402
2.087006
1.004728
2.086386
1.005054
2.085766
1.005380
2.085146
1.005707
2.084527
1.006033
2.083908
1.006359
2.083289
1.006685
2.082671
1.007011
2.082053
1.007338
2.081436
1.007664
2.080819
1.007990
2.080202
1.008316
2.079586
1.008642
2.078970
1.008969
2.078354
1.009295
2.077739
1.009621
2.077124
1.009947
2.076509
1.010273
2.075896
1.010600
2.075282
1.010926
2.074668
1.011252
2.074055
1.011578
2.073442
1.011904
2.072830
1.012231
2.072218
1.012557
2.071607
1.012883
2.070995
1.013209
2.070385
1.013536
2.069774
1.013862
2.069164
1.014188
2.068554
1.014514
2.067945
1.014840
2.067336
1.015167
2.066727
1.015493
2.066118
1.015819
2.065511
1.016145
2.064903
1.016472
2.064296
1.016798
2.063689
1.017124
2.063082
1.017450
2.062476
1.017776
2.061870
1.018102
2.061265
1.018429
2.060659
1.018755
2.060055
1.019081
2.059450
1.019407
2.058846
1.019734
2.058243
1.020060
2.057639
1.020386
2.057036
1.020712
2.056433
1.021038
2.055831
1.021365
2.055229
1.021691
2.054628
1.022017
2.054026
1.022343
2.053426
1.022669
2.052825
1.022996
2.052225
1.023322
2.051625
1.023648
2.051026
1.023974
2.050426
1.024300
2.049828
1.024627
2.049229
1.024953
2.048631
1.025279
2.048033
1.025605
2.047436
1.025931
2.046839
1.026258
2.046242
1.026584
2.045646
1.026910
2.045050
1.027236
2.044455
1.027563
2.043859
1.027889
2.043264
1.028215
2.042670
1.028541
2.042076
1.028867
2.041482
1.029194
2.040888
1.029520
2.040295
1.029846
2.039702
1.030172
2.039110
1.030499
2.038518
1.030825
2.037926
1.031151
2.037334
1.031477
2.036743
1.031803
2.036153
1.032130
2.035562
1.032456
2.034972
1.032782
2.034382
1.033108
2.033793
1.033434
2.033204
1.033761
2.032615
1.034087
2.032027
1.034413
2.031439
1.034739
2.030851
1.035065
2.030264
1.035392
2.029677
1.035718
2.029090
1.036044
2.028504
1.036370
2.027918
1.036697
2.027332
1.037023
2.026747
1.037349
2.026162
1.037675
2.025577
1.038001
2.024993
1.038327
2.024409
1.038654
2.023825
1.038980
2.023242
1.039306
2.022659
1.039632
2.022077
1.039959
2.021495
1.040285
2.020912
1.040611
2.020331
1.040937
2.019750
1.041263
2.019169
1.041590
2.018588
1.041916
2.018008
1.042242
2.017428
1.042568
2.016848
1.042894
2.016269
1.043221
2.015690
1.043547
2.015112
1.043873
2.014534
1.044199
2.013956
1.044526
2.013378
1.044852
2.012801
1.045178
2.012224
1.045504
2.011647
1.045830
2.011071
1.046157
2.010495
1.046483
2.009920
1.046809
2.009344
1.047135
2.008770
1.047461
2.008195
1.047788
2.007621
1.048114
2.007047
1.048440
2.006473
1.048766
2.005900
1.049092
2.005327
1.049419
2.004754
1.049745
2.004182
1.050071
2.003610
1.050397
2.003038
1.050724
2.002467
1.051050
2.001896
1.051376
2.001326
1.051702
2.000755
1.052028
2.000185
1.052355
1.999616
1.052681
1.999046
1.053007
1.998477
1.053333
1.997908
1.053659
1.997340
1.053986
1.996772
1.054312
1.996204
1.054638
1.995637
1.054964
1.995070
1.055290
1.994503
1.055617
1.993937
1.055943
1.993371
1.056269
1.992805
1.056595
1.992239
1.056921
1.991674
1.057248
1.991109
1.057574
1.990545
1.057900
1.989981
1.058226
1.989417
1.058553
1.988853
1.058879
1.988290
1.059205
1.987727
1.059531
1.987165
1.059857
1.986602
1.060184
1.986041
1.060510
1.985479
1.060836
1.984918
1.061162
1.984357
1.061488
1.983796
1.061815
1.983236
1.062141
1.982676
1.062467
1.982116
1.062793
1.981557
1.063120
1.980998
1.063446
1.980439
1.063772
1.979880
1.064098
1.979322
1.064424
1.978764
1.064751
1.978207
1.065077
1.977650
1.065403
1.977093
1.065729
1.976536
1.066055
1.975980
1.066382
1.975424
1.066708
1.974869
1.067034
1.974313
1.067360
1.973758
1.067686
1.973204
1.068013
1.972649
1.068339
1.972095
1.068665
1.971542
1.068991
1.970988
1.069317
1.970435
1.069644
1.969882
1.069970
1.969330
1.070296
1.968778
1.070622
1.968226
1.070949
1.967674
1.071275
1.967123
1.071601
1.966572
1.071927
1.966022
1.072253
1.965471
1.072580
1.964921
1.072906
1.964371
1.073232
1.963822
1.073558
1.963273
1.073884
1.962724
1.074211
1.962176
1.074537
1.961628
1.074863
1.961080
1.075189
1.960532
1.075516
1.959985
1.075842
1.959438
1.076168
1.958892
1.076494
1.958345
1.076820
1.957799
1.077147
1.957254
1.077473
1.956708
1.077799
1.956163
1.078125
1.955618
1.078451
1.955074
1.078778
1.954530
1.079104
1.953986
1.079430
1.953442
1.079756
1.952899
1.080082
1.952356
1.080409
1.951813
1.080735
1.951271
1.081061
1.950729
1.081387
1.950187
1.081714
1.949646
1.082040
1.949105
1.082366
1.948564
1.082692
1.948023
1.083018
1.947483
1.083345
1.946943
1.083671
1.946404
1.083997
1.945864
1.084323
1.945325
1.084649
1.944786
1.084976
1.944248
1.085302
1.943710
1.085628
1.943172
1.085954
1.942634
1.086280
1.942097
1.086607
1.941560
1.086933
1.941024
1.087259
1.940487
1.087585
1.939951
1.087911
1.939415
1.088238
1.938880
1.088564
1.938345
1.088890
1.937810
1.089216
1.937275
1.089543
1.936741
1.089869
1.936207
1.090195
1.935673
1.090521
1.935140
1.090847
1.934607
1.091174
1.934074
1.091500
1.933542
1.091826
1.933009
1.092152
1.932477
1.092478
1.931946
1.092805
1.931415
1.093131
1.930884
1.093457
1.930353
1.093783
1.929822
1.094110
1.929292
1.094436
1.928762
1.094762
1.928233
1.095088
1.927703
1.095414
1.927174
1.095741
1.926646
1.096067
1.926117
1.096393
1.925589
1.096719
1.925061
1.097045
1.924534
1.097372
1.924007
1.097698
1.923480
1.098024
1.922953
1.098350
1.922427
1.098676
1.921901
1.099003
1.921375
1.099329
1.920849
1.099655
1.920324
1.099981
1.919799
1.100307
1.919274
1.100634
1.918750
1.100960
1.918226
1.101286
1.917702
1.101612
1.917179
1.101939
1.916656
1.102265
1.916133
1.102591
1.915610
1.102917
1.915088
1.103243
1.914566
1.103570
1.914044
1.103896
1.913522
1.104222
1.913001
1.104548
1.912480
1.104874
1.911960
1.105201
1.911439
1.105527
1.910919
1.105853
1.910399
1.106179
1.909880
1.106506
1.909361
1.106832
1.908842
1.107158
1.908323
1.107484
1.907805
1.107810
1.907287
1.108137
1.906769
1.108463
1.906251
1.108789
1.905734
1.109115
1.905217
1.109441
1.904700
1.109768
1.904184
1.110094
1.903668
1.110420
1.903152
1.110746
1.902636
1.111072
1.902121
1.111399
1.901606
1.111725
1.901091
1.112051
1.900577
1.112377
1.900063
1.112703
1.899549
1.113030
1.899035
1.113356
1.898522
1.113682
1.898009
1.114008
1.897496
1.114334
1.896984
1.114661
1.896472
1.114987
1.895960
1.115313
1.895448
1.115639
1.894937
1.115966
1.894426
1.116292
1.893915
1.116618
1.893404
1.116944
1.892894
1.117270
1.892384
1.117597
1.891874
1.117923
1.891365
1.118249
1.890856
1.118575
1.890347
1.118901
1.889838
1.119228
1.889330
1.119554
1.888822
1.119880
1.888314
1.120206
1.887806
1.120533
1.887299
1.120859
1.886792
1.121185
1.886285
1.121511
1.885779
1.121837
1.885273
1.122164
1.884767
1.122490
1.884261
1.122816
1.883756
1.123142
1.883251
1.123468
1.882746
1.123795
1.882242
1.124121
1.881737
1.124447
1.881233
1.124773
1.880730
1.125100
1.880226
1.125426
1.879723
1.125752
1.879220
1.126078
1.878718
1.126404
1.878215
1.126730
1.877713
1.127057
1.877211
1.127383
1.876710
1.127709
1.876209
1.128035
1.875707
1.128362
1.875207
1.128688
1.874706
1.129014
1.874206
1.129340
1.873706
1.129666
1.873206
1.129993
1.872707
1.130319
1.872208
1.130645
1.871709
1.130971
1.871210
1.131297
1.870712
1.131624
1.870214
1.131950
1.869716
1.132276
1.869219
1.132602
1.868721
1.132929
1.868224
1.133255
1.867728
1.133581
1.867231
1.133907
1.866735
1.134233
1.866239
1.134560
1.865743
1.134886
1.865248
1.135212
1.864753
1.135538
1.864258
1.135864
1.863763
1.136191
1.863269
1.136517
1.862775
1.136843
1.862281
1.137169
1.861787
1.137495
1.861294
1.137822
1.860801
1.138148
1.860308
1.138474
1.859816
1.138800
1.859323
1.139127
1.858831
1.139453
1.858340
1.139779
1.857848
1.140105
1.857357
1.140431
1.856866
1.140758
1.856375
1.141084
1.855885
1.141410
1.855395
1.141736
1.854905
1.142062
1.854415
1.142389
1.853926
1.142715
1.853436
1.143041
1.852947
1.143367
1.852459
1.143693
1.851971
1.144020
1.851482
1.144346
1.850995
1.144672
1.850507
1.144998
1.850020
1.145324
1.849533
1.145651
1.849046
1.145977
1.848559
1.146303
1.848073
1.146629
1.847587
1.146956
1.847101
1.147282
1.846616
1.147608
1.846130
1.147934
1.845645
1.148260
1.845160
1.148587
1.844676
1.148913
1.844192
1.149239
1.843708
1.149565
1.843224
1.149891
1.842740
1.150218
1.842257
1.150544
1.841774
1.150870
1.841291
1.151196
1.840809
1.151523
1.840327
1.151849
1.839845
1.152175
1.839363
1.152501
1.838881
1.152827
1.838400
1.153154
1.837919
1.153480
1.837439
1.153806
1.836958
1.154132
1.836478
1.154458
1.835998
1.154785
1.835518
1.155111
1.835039
1.155437
1.834560
1.155763
1.834081
1.156090
1.833602
1.156416
1.833124
1.156742
1.832645
1.157068
1.832167
1.157394
1.831690
1.157720
1.831212
1.158047
1.830735
1.158373
1.830258
1.158699
1.829782
1.159025
1.829305
1.159352
1.828829
1.159678
1.828353
1.160004
1.827877
1.160330
1.827402
1.160656
1.826927
1.160983
1.826452
1.161309
1.825977
1.161635
1.825502
1.161961
1.825028
1.162287
1.824554
1.162614
1.824080
1.162940
1.823607
1.163266
1.823134
1.163592
1.822661
1.163918
1.822188
1.164245
1.821716
1.164571
1.821243
1.164897
1.820771
1.165223
1.820300
1.165550
1.819828
1.165876
1.819357
1.166202
1.818886
1.166528
1.818415
1.166854
1.817945
1.167181
1.817474
1.167507
1.817004
1.167833
1.816534
1.168159
1.816065
1.168485
1.815596
1.168812
1.815126
1.169138
1.814658
1.169464
1.814189
1.169790
1.813721
1.170117
1.813253
1.170443
1.812785
1.170769
1.812317
1.171095
1.811850
1.171421
1.811383
1.171748
1.810916
1.172074
1.810449
1.172400
1.809983
1.172726
1.809517
1.173052
1.809051
1.173379
1.808585
1.173705
1.808120
1.174031
1.807654
1.174357
1.807189
1.174683
1.806725
1.175010
1.806260
1.175336
1.805796
1.175662
1.805332
1.175988
1.804868
1.176314
1.804405
1.176641
1.803941
1.176967
1.803478
1.177293
1.803015
1.177619
1.802553
1.177945
1.802091
1.178272
1.801628
1.178598
1.801167
1.178924
1.800705
1.179250
1.800244
1.179577
1.799783
1.179903
1.799322
1.180229
1.798861
1.180555
1.798401
1.180881
1.797940
1.181208
1.797480
1.181534
1.797021
1.181860
1.796561
1.182186
1.796102
1.182513
1.795643
1.182839
1.795184
1.183165
1.794726
1.183491
1.794267
1.183817
1.793809
1.184144
1.793351
1.184470
1.792894
1.184796
1.792436
1.185122
1.791979
1.185448
1.791522
1.185775
1.791066
1.186101
1.790609
1.186427
1.790153
1.186753
1.789697
1.187079
1.789241
1.187406
1.788786
1.187732
1.788330
1.188058
1.787875
1.188384
1.787421
1.188710
1.786966
1.189037
1.786512
1.189363
1.786058
1.189689
1.785604
1.190015
1.785150
1.190342
1.784697
1.190668
1.784243
1.190994
1.783790
1.191320
1.783338
1.191646
1.782885
1.191972
1.782433
1.192299
1.781981
1.192625
1.781529
1.192951
1.781078
1.193277
1.780626
1.193604
1.780175
1.193930
1.779724
1.194256
1.779274
1.194582
1.778823
1.194908
1.778373
1.195235
1.777923
1.195561
1.777473
1.195887
1.777024
1.196213
1.776574
1.196540
1.776125
1.196866
1.775676
1.197192
1.775228
1.197518
1.774779
1.197844
1.774331
1.198171
1.773883
1.198497
1.773436
1.198823
1.772988
1.199149
1.772541
1.199475
1.772094
1.199802
1.771647
1.200128
1.771201
1.200454
1.770754
1.200780
1.770308
1.201106
1.769862
1.201433
1.769417
1.201759
1.768971
1.202085
1.768526
1.202411
1.768081
1.202738
1.767636
1.203064
1.767192
1.203390
1.766747
1.203716
1.766303
1.204042
1.765859
1.204369
1.765416
1.204695
1.764972
1.205021
1.764529
1.205347
1.764086
1.205673
1.763643
1.206000
1.763201
1.206326
1.762758
1.206652
1.762316
1.206978
1.761875
1.207304
1.761433
1.207631
1.760992
1.207957
1.760550
1.208283
1.760109
1.208609
1.759669
1.208935
1.759228
1.209262
1.758788
1.209588
1.758348
1.209914
1.757908
1.210240
1.757468
1.210567
1.757029
1.210893
1.756590
1.211219
1.756150
1.211545
1.755712
1.211871
1.755273
1.212198
1.754835
1.212524
1.754397
1.212850
1.753959
1.213176
1.753521
1.213503
1.753084
1.213829
1.752647
1.214155
1.752210
1.214481
1.751773
1.214807
1.751336
1.215133
1.750900
1.215460
1.750464
1.215786
1.750028
1.216112
1.749592
1.216438
1.749157
1.216765
1.748721
1.217091
1.748286
1.217417
1.747851
1.217743
1.747417
1.218069
1.746982
1.218396
1.746548
1.218722
1.746114
1.219048
1.745680
1.219374
1.745247
1.219700
1.744814
1.220027
1.744380
1.220353
1.743948
1.220679
1.743515
1.221005
1.743083
1.221332
1.742650
1.221658
1.742218
1.221984
1.741786
1.222310
1.741355
1.222636
1.740923
1.222962
1.740492
1.223289
1.740061
1.223615
1.739631
1.223941
1.739200
1.224267
1.738770
1.224594
1.738340
1.224920
1.737910
1.225246
1.737480
1.225572
1.737051
1.225899
1.736621
1.226225
1.736192
1.226551
1.735763
1.226877
1.735335
1.227203
1.734907
1.227530
1.734478
1.227856
1.734050
1.228182
1.733623
1.228508
1.733195
1.228834
1.732768
1.229161
1.732341
1.229487
1.731914
1.229813
1.731487
1.230139
1.731060
1.230465
1.730634
1.230792
1.730208
1.231118
1.729782
1.231444
1.729357
1.231770
1.728931
1.232096
1.728506
1.232423
1.728081
1.232749
1.727656
1.233075
1.727231
1.233401
1.726807
1.233728
1.726383
1.234054
1.725959
1.234380
1.725535
1.234706
1.725112
1.235032
1.724688
1.235359
1.724265
1.235685
1.723842
1.236011
1.723419
1.236337
1.722997
1.236663
1.722575
1.236990
1.722152
1.237316
1.721731
1.237642
1.721309
1.237968
1.720887
1.238294
1.720466
1.238621
1.720045
1.238947
1.719624
1.239273
1.719204
1.239599
1.718783
1.239926
1.718363
1.240252
1.717943
1.240578
1.717523
1.240904
1.717103
1.241230
1.716684
1.241557
1.716265
1.241883
1.715846
1.242209
1.715427
1.242535
1.715008
1.242861
1.714590
1.243188
1.714172
1.243514
1.713754
1.243840
1.713336
1.244166
1.712918
1.244493
1.712501
1.244819
1.712084
1.245145
1.711667
1.245471
1.711250
1.245797
1.710834
1.246123
1.710417
1.246450
1.710001
1.246776
1.709585
1.247102
1.709169
1.247428
1.708754
1.247755
1.708338
1.248081
1.707923
1.248407
1.707508
1.248733
1.707094
1.249059
1.706679
1.249386
1.706265
1.249712
1.705851
1.250038
1.705437
1.250364
1.705023
1.250690
1.704610
1.251017
1.704196
1.251343
1.703783
1.251669
1.703370
1.251995
1.702957
1.252321
1.702545
1.252648
1.702133
1.252974
1.701720
1.253300
1.701308
1.253626
1.700897
1.253953
1.700485
1.254279
1.700074
1.254605
1.699663
1.254931
1.699252
1.255257
1.698841
1.255584
1.698431
1.255910
1.698020
1.256236
1.697610
1.256562
1.697200
1.256889
1.696791
1.257215
1.696381
1.257541
1.695972
1.257867
1.695563
1.258193
1.695154
1.258520
1.694745
1.258846
1.694336
1.259172
1.693928
1.259498
1.693520
1.259824
1.693112
1.260151
1.692704
1.260477
1.692297
1.260803
1.691889
1.261129
1.691482
1.261455
1.691075
1.261782
1.690668
1.262108
1.690262
1.262434
1.689855
1.262760
1.689449
1.263086
1.689043
1.263413
1.688638
1.263739
1.688232
1.264065
1.687827
1.264391
1.687421
1.264718
1.687016
1.265044
1.686612
1.265370
1.686207
1.265696
1.685803
1.266022
1.685398
1.266348
1.684994
1.266675
1.684590
1.267001
1.684187
1.267327
1.683783
1.267653
1.683380
1.267980
1.682977
1.268306
1.682574
1.268632
1.682171
1.268958
1.681769
1.269284
1.681367
1.269611
1.680965
1.269937
1.680563
1.270263
1.680161
1.270589
1.679759
1.270916
1.679358
1.271242
1.678957
1.271568
1.678556
1.271894
1.678155
1.272220
1.677755
1.272547
1.677354
1.272873
1.676954
1.273199
1.676554
1.273525
1.676154
1.273851
1.675755
1.274178
1.675355
1.274504
1.674956
1.274830
1.674557
1.275156
1.674158
1.275482
1.673760
1.275809
1.673361
1.276135
1.672963
1.276461
1.672565
1.276787
1.672167
1.277113
1.671769
1.277440
1.671372
1.277766
1.670974
1.278092
1.670577
1.278418
1.670180
1.278745
1.669784
1.279071
1.669387
1.279397
1.668991
1.279723
1.668594
1.280049
1.668198
1.280376
1.667803
1.280702
1.667407
1.281028
1.667012
1.281354
1.666616
1.281680
1.666221
1.282007
1.665826
1.282333
1.665432
1.282659
1.665037
1.282985
1.664643
1.283311
1.664249
1.283638
1.663855
1.283964
1.663461
1.284290
1.663068
1.284616
1.662674
1.284943
1.662281
1.285269
1.661888
1.285595
1.661495
1.285921
1.661103
1.286247
1.660710
1.286574
1.660318
1.286900
1.659926
1.287226
1.659534
1.287552
1.659142
1.287879
1.658751
1.288205
1.658360
1.288531
1.657968
1.288857
1.657577
1.289183
1.657187
1.289509
1.656796
1.289836
1.656406
1.290162
1.656015
1.290488
1.655625
1.290814
1.655236
1.291141
1.654846
1.291467
1.654456
1.291793
1.654067
1.292119
1.653678
1.292445
1.653289
1.292772
1.652900
1.293098
1.652512
1.293424
1.652123
1.293750
1.651735
1.294076
1.651347
1.294403
1.650959
1.294729
1.650572
1.295055
1.650184
1.295381
1.649797
1.295707
1.649410
1.296034
1.649023
1.296360
1.648636
1.296686
1.648250
1.297012
1.647863
1.297338
1.647477
1.297665
1.647091
1.297991
1.646705
1.298317
1.646320
1.298643
1.645934
1.298970
1.645549
1.299296
1.645164
1.299622
1.644779
1.299948
1.644394
1.300274
1.644009
1.300601
1.643625
1.300927
1.643241
1.301253
1.642857
1.301579
1.642473
1.301906
1.642089
1.302232
1.641706
1.302558
1.641322
1.302884
1.640939
1.303210
1.640556
1.303537
1.640174
1.303863
1.639791
1.304189
1.639409
1.304515
1.639027
1.304841
1.638644
1.305168
1.638263
1.305494
1.637881
1.305820
1.637499
1.306146
1.637118
1.306472
1.636737
1.306799
1.636356
1.307125
1.635975
1.307451
1.635594
1.307777
1.635214
1.308103
1.634834
1.308430
1.634454
1.308756
1.634074
1.309082
1.633694
1.309408
1.633314
1.309735
1.632935
1.310061
1.632556
1.310387
1.632177
1.310713
1.631798
1.311039
1.631419
1.311365
1.631041
1.311692
1.630662
1.312018
1.630284
1.312344
1.629906
1.312670
1.629529
1.312997
1.629151
1.313323
1.628773
1.313649
1.628396
1.313975
1.628019
1.314301
1.627642
1.314628
1.627265
1.314954
1.626889
1.315280
1.626512
1.315606
1.626136
1.315933
1.625760
1.316259
1.625384
1.316585
1.625008
1.316911
1.624633
1.317237
1.624258
1.317564
1.623882
1.317890
1.623507
1.318216
1.623133
1.318542
1.622758
1.318868
1.622383
1.319195
1.622009
1.319521
1.621635
1.319847
1.621261
1.320173
1.620887
1.320499
1.620514
1.320826
1.620140
1.321152
1.619767
1.321478
1.619394
1.321804
1.619021
1.322131
1.618648
1.322457
1.618276
1.322783
1.617903
1.323109
1.617531
1.323435
1.617159
1.323762
1.616787
1.324088
1.616415
1.324414
1.616044
1.324740
1.615672
1.325066
1.615301
1.325393
1.614930
1.325719
1.614559
1.326045
1.614188
1.326371
1.613818
1.326697
1.613448
1.327024
1.613077
1.327350
1.612707
1.327676
1.612337
1.328002
1.611968
1.328328
1.611598
1.328655
1.611229
1.328981
1.610860
1.329307
1.610491
1.329633
1.610122
1.329960
1.609753
1.330286
1.609385
1.330612
1.609016
1.330938
1.608648
1.331264
1.608280
1.331591
1.607912
1.331917
1.607545
1.332243
1.607177
1.332569
1.606810
1.332896
1.606443
1.333222
1.606076
1.333548
1.605709
1.333874
1.605342
1.334200
1.604976
1.334526
1.604610
1.334853
1.604244
1.335179
1.603878
1.335505
1.603512
1.335831
1.603146
1.336158
1.602781
1.336484
1.602415
1.336810
1.602050
1.337136
1.601685
1.337462
1.601321
1.337789
1.600956
1.338115
1.600591
1.338441
1.600227
1.338767
1.599863
1.339093
1.599499
1.339420
1.599135
1.339746
1.598771
1.340072
1.598408
1.340398
1.598045
1.340724
1.597682
1.341051
1.597319
1.341377
1.596956
1.341703
1.596593
1.342029
1.596231
1.342355
1.595868
1.342682
1.595506
1.343008
1.595144
1.343334
1.594782
1.343660
1.594421
1.343987
1.594059
1.344313
1.593698
1.344639
1.593337
1.344965
1.592976
1.345291
1.592615
1.345618
1.592254
1.345944
1.591894
1.346270
1.591533
1.346596
1.591173
1.346923
1.590813
1.347249
1.590453
1.347575
1.590094
1.347901
1.589734
1.348227
1.589375
1.348554
1.589016
1.348880
1.588657
1.349206
1.588298
1.349532
1.587939
1.349858
1.587580
1.350185
1.587222
1.350511
1.586864
1.350837
1.586506
1.351163
1.586148
1.351489
1.585790
1.351816
1.585433
1.352142
1.585075
1.352468
1.584718
1.352794
1.584361
1.353121
1.584004
1.353447
1.583647
1.353773
1.583290
1.354099
1.582934
1.354425
1.582578
1.354752
1.582222
1.355078
1.581866
1.355404
1.581510
1.355730
1.581154
1.356056
1.580799
1.356383
1.580443
1.356709
1.580088
1.357035
1.579733
1.357361
1.579378
1.357687
1.579024
1.358014
1.578669
1.358340
1.578315
1.358666
1.577960
1.358992
1.577606
1.359318
1.577253
1.359645
1.576899
1.359971
1.576545
1.360297
1.576192
1.360623
1.575839
1.360950
1.575485
1.361276
1.575133
1.361602
1.574780
1.361928
1.574427
1.362254
1.574075
1.362581
1.573722
1.362907
1.573370
1.363233
1.573018
1.363559
1.572666
1.363885
1.572315
1.364212
1.571963
1.364538
1.571612
1.364864
1.571261
1.365190
1.570910
1.365516
1.570559
1.365843
1.570208
1.366169
1.569857
1.366495
1.569507
1.366821
1.569157
1.367148
1.568807
1.367474
1.568457
1.367800
1.568107
1.368126
1.567757
1.368452
1.567408
1.368779
1.567059
1.369105
1.566709
1.369431
1.566360
1.369757
1.566012
1.370083
1.565663
1.370410
1.565314
1.370736
1.564966
1.371062
1.564618
1.371388
1.564270
1.371714
1.563922
1.372041
1.563574
1.372367
1.563226
1.372693
1.562879
1.373019
1.562532
1.373345
1.562184
1.373672
1.561837
1.373998
1.561491
1.374324
1.561144
1.374650
1.560797
1.374977
1.560451
1.375303
1.560105
1.375629
1.559759
1.375955
1.559413
1.376281
1.559067
1.376608
1.558722
1.376934
1.558376
1.377260
1.558031
1.377586
1.557686
1.377912
1.557341
1.378239
1.556996
1.378565
1.556651
1.378891
1.556307
1.379217
1.555962
1.379544
1.555618
1.379870
1.555274
1.380196
1.554930
1.380522
1.554586
1.380848
1.554243
1.381175
1.553899
1.381501
1.553556
1.381827
1.553213
1.382153
1.552870
1.382479
1.552527
1.382806
1.552184
1.383132
1.551841
1.383458
1.551499
1.383784
1.551157
1.384111
1.550815
1.384437
1.550473
1.384763
1.550131
1.385089
1.549789
1.385415
1.549448
1.385741
1.549107
1.386068
1.548765
1.386394
1.548424
1.386720
1.548084
1.387046
1.547743
1.387373
1.547402
1.387699
1.547062
1.388025
1.546721
1.388351
1.546381
1.388677
1.546041
1.389004
1.545702
1.389330
1.545362
1.389656
1.545022
1.389982
1.544683
1.390308
1.544344
1.390635
1.544005
1.390961
1.543666
1.391287
1.543327
1.391613
1.542988
1.391940
1.542650
1.392266
1.542311
1.392592
1.541973
1.392918
1.541635
1.393244
1.541297
1.393571
1.540959
1.393897
1.540622
1.394223
1.540284
1.394549
1.539947
1.394875
1.539610
1.395202
1.539273
1.395528
1.538936
1.395854
1.538599
1.396180
1.538263
1.396506
1.537926
1.396833
1.537590
1.397159
1.537254
1.397485
1.536918
1.397811
1.536582
1.398138
1.536246
1.398464
1.535911
1.398790
1.535576
1.399116
1.535240
1.399442
1.534905
1.399769
1.534570
1.400095
1.534235
1.400421
1.533901
1.400747
1.533566
1.401073
1.533232
1.401400
1.532898
1.401726
1.532564
1.402052
1.532230
1.402378
1.531896
1.402704
1.531562
1.403031
1.531229
1.403357
1.530895
1.403683
1.530562
1.404009
1.530229
1.404335
1.529896
1.404662
1.529564
1.404988
1.529231
1.405314
1.528898
1.405640
1.528566
1.405967
1.528234
1.406293
1.527902
1.406619
1.527570
1.406945
1.527238
1.407272
1.526907
1.407598
1.526575
1.407924
1.526244
1.408250
1.525913
1.408576
1.525582
1.408902
1.525251
1.409229
1.524920
1.409555
1.524589
1.409881
1.524259
1.410207
1.523929
1.410534
1.523598
1.410860
1.523268
1.411186
1.522939
1.411512
1.522609
1.411838
1.522279
1.412165
1.521950
1.412491
1.521621
1.412817
1.521291
1.413143
1.520962
1.413469
1.520633
1.413796
1.520305
1.414122
1.519976
1.414448
1.519648
1.414774
1.519319
1.415101
1.518991
1.415427
1.518663
1.415753
1.518335
1.416079
1.518008
1.416405
1.517680
1.416731
1.517352
1.417058
1.517025
1.417384
1.516698
1.417710
1.516371
1.418036
1.516044
1.418363
1.515717
1.418689
1.515391
1.419015
1.515064
1.419341
1.514738
1.419667
1.514412
1.419994
1.514086
1.420320
1.513760
1.420646
1.513434
1.420972
1.513108
1.421299
1.512783
1.421625
1.512457
1.421951
1.512132
1.422277
1.511807
1.422603
1.511482
1.422930
1.511158
1.423256
1.510833
1.423582
1.510508
1.423908
1.510184
1.424234
1.509860
1.424561
1.509536
1.424887
1.509212
1.425213
1.508888
1.425539
1.508564
1.425865
1.508241
1.426192
1.507917
1.426518
1.507594
1.426844
1.507271
1.427170
1.506948
1.427496
1.506625
1.427823
1.506303
1.428149
1.505980
1.428475
1.505658
1.428801
1.505335
1.429128
1.505013
1.429454
1.504691
1.429780
1.504369
1.430106
1.504048
1.430432
1.503726
1.430759
1.503404
1.431085
1.503083
1.431411
1.502762
1.431737
1.502441
1.432063
1.502120
1.432390
1.501799
1.432716
1.501479
1.433042
1.501158
1.433368
1.500838
1.433694
1.500518
1.434021
1.500198
1.434347
1.499878
1.434673
1.499558
1.434999
1.499238
1.435326
1.498919
1.435652
1.498599
1.435978
1.498280
1.436304
1.497961
1.436630
1.497642
1.436957
1.497323
1.437283
1.497004
1.437609
1.496686
1.437935
1.496367
1.438262
1.496049
1.438588
1.495731
1.438914
1.495413
1.439240
1.495095
1.439566
1.494777
1.439892
1.494459
1.440219
1.494142
1.440545
1.493825
1.440871
1.493507
1.441197
1.493190
1.441524
1.492873
1.441850
1.492556
1.442176
1.492240
1.442502
1.491923
1.442828
1.491607
1.443155
1.491291
1.443481
1.490974
1.443807
1.490658
1.444133
1.490342
1.444459
1.490027
1.444786
1.489711
1.445112
1.489396
1.445438
1.489080
1.445764
1.488765
1.446090
1.488450
1.446417
1.488135
1.446743
1.487820
1.447069
1.487506
1.447395
1.487191
1.447721
1.486877
1.448048
1.486562
1.448374
1.486248
1.448700
1.485934
1.449026
1.485620
1.449353
1.485307
1.449679
1.484993
1.450005
1.484679
1.450331
1.484366
1.450657
1.484053
1.450984
1.483740
1.451310
1.483427
1.451636
1.483114
1.451962
1.482801
1.452289
1.482489
1.452615
1.482177
1.452941
1.481864
1.453267
1.481552
1.453593
1.481240
1.453920
1.480928
1.454246
1.480616
1.454572
1.480305
1.454898
1.479993
1.455224
1.479682
1.455551
1.479371
1.455877
1.479060
1.456203
1.478749
1.456529
1.478438
1.456855
1.478127
1.457182
1.477816
1.457508
1.477506
1.457834
1.477196
1.458160
1.476886
1.458486
1.476575
1.458813
1.476266
1.459139
1.475956
1.459465
1.475646
1.459791
1.475337
1.460117
1.475027
1.460444
1.474718
1.460770
1.474409
1.461096
1.474100
1.461422
1.473791
1.461749
1.473482
1.462075
1.473173
1.462401
1.472865
1.462727
1.472557
1.463053
1.472248
1.463380
1.471940
1.463706
1.471632
1.464032
1.471324
1.464358
1.471017
1.464684
1.470709
1.465011
1.470402
1.465337
1.470094
1.465663
1.469787
1.465989
1.469480
1.466316
1.469173
1.466642
1.468866
1.466968
1.468560
1.467294
1.468253
1.467620
